Name,2P,2P%,2PA,3P,3P%,3PA,AST,AST%,BLK,BLK%,BPM,DBPM,DRB,DRB%,DRtg,FG,FG%,FGA,FT,FT%,FTA,GS,Games,MP,OBPM,ORB,ORB%,ORtg,PER,PF,PTS,STL,STL%,TOV,TOV%,TRB,TRB%,TS%,USG%
CJ McCollum,8.1,0.465,17.5,3.2,0.397,8.1,4.6,15.8,0.6,1.0,0.4,-1.0,4.6,9.9,109.0,11.4,0.443,25.6,3.6,0.836,4.3,81.0,81.0,2923.0,1.4,0.9,2.0,108.0,17.0,2.9,29.5,1.3,1.3,2.6,8.6,5.5,6.0,0.536,26.5
Damian Lillard,7.3,0.501,14.6,4.2,0.361,11.7,9.0,30.9,0.5,0.8,6.7,-1.0,4.9,10.6,109.0,11.6,0.439,26.4,9.2,0.916,10.0,73.0,73.0,2670.0,7.7,1.2,2.6,120.0,25.2,2.2,36.6,1.4,1.4,3.8,11.1,6.1,6.6,0.594,30.6
Jusuf Nurkic,11.4,0.508,22.5,0.0,0.0,0.2,3.4,11.7,2.6,4.3,0.3,2.8,12.4,26.9,101.0,11.4,0.505,22.7,4.1,0.63,6.5,79.0,79.0,2088.0,-2.6,4.5,10.0,102.0,19.2,5.9,27.0,1.5,1.5,4.4,14.6,16.9,18.5,0.528,26.4
Al-Farouq Aminu,2.5,0.432,5.8,3.0,0.369,8.1,2.0,5.8,1.0,1.6,1.1,1.9,10.3,22.3,104.0,5.5,0.395,14.0,1.4,0.738,1.9,67.0,69.0,2072.0,-0.8,2.3,5.2,105.0,12.0,3.3,15.5,1.9,1.9,1.9,11.3,12.6,13.8,0.522,14.8
Evan Turner,5.3,0.485,10.9,1.0,0.318,3.2,4.2,12.4,0.7,1.2,-1.8,0.6,5.2,11.4,109.0,6.3,0.447,14.1,2.2,0.85,2.6,40.0,79.0,2034.0,-2.4,0.7,1.6,103.0,9.9,4.0,15.9,1.1,1.1,2.4,13.7,6.0,6.5,0.52,15.6
Shabazz Napier,4.6,0.45,10.1,2.7,0.376,7.1,4.9,14.6,0.5,0.7,0.2,0.3,4.7,10.1,106.0,7.2,0.42,17.2,3.8,0.841,4.5,10.0,74.0,1535.0,-0.2,0.8,1.9,107.0,14.2,2.7,20.9,2.6,2.6,2.9,13.2,5.5,6.0,0.544,19.5
Pat Connaughton,3.0,0.506,6.0,2.5,0.352,7.0,3.0,8.7,0.7,1.2,-1.3,-0.4,4.2,9.1,110.0,5.5,0.423,13.0,1.2,0.841,1.5,5.0,82.0,1488.0,-0.9,1.2,2.7,110.0,9.3,4.0,14.7,0.8,0.8,1.4,9.5,5.4,5.9,0.539,13.4
Ed Davis,5.7,0.584,9.8,0.0,0.0,0.0,1.4,3.9,1.8,2.9,0.0,1.8,13.3,28.8,103.0,5.7,0.582,9.9,2.5,0.667,3.8,0.0,78.0,1471.0,-1.8,6.2,13.7,121.0,15.5,6.4,14.0,1.1,1.1,2.2,16.2,19.4,21.3,0.607,12.1
Maurice Harkless,3.9,0.547,7.0,1.9,0.415,4.6,2.1,6.0,1.7,2.8,1.8,2.0,4.6,9.9,106.0,5.8,0.495,11.7,1.7,0.712,2.3,36.0,59.0,1264.0,-0.2,1.8,4.0,117.0,12.6,4.1,15.2,1.9,1.9,1.6,11.0,6.4,7.0,0.596,12.6
Zach Collins,3.8,0.455,8.4,1.7,0.31,5.4,2.5,7.1,1.5,2.4,-3.2,0.9,8.4,18.2,107.0,5.5,0.398,13.8,1.3,0.643,2.0,1.0,66.0,1045.0,-4.1,2.1,4.7,93.0,7.5,6.3,13.9,0.8,0.8,2.8,15.9,10.5,11.5,0.475,15.4
Russell Westbrook,11.2,0.485,23.2,1.7,0.298,5.6,14.0,49.8,0.3,0.6,8.2,3.1,11.1,25.7,104.0,12.9,0.449,28.7,7.1,0.737,9.6,80.0,80.0,2914.0,5.1,2.6,5.6,109.0,24.7,3.4,34.5,2.5,2.5,6.5,16.4,13.7,15.3,0.524,34.1
Paul George,5.7,0.454,12.5,4.2,0.401,10.5,4.5,14.5,0.7,1.2,2.6,0.0,6.4,14.9,106.0,9.9,0.43,23.0,5.8,0.822,7.1,79.0,79.0,2891.0,2.5,1.2,2.7,112.0,18.7,4.0,29.8,2.8,2.8,3.6,12.2,7.7,8.6,0.57,25.7
Carmelo Anthony,6.0,0.437,13.8,3.4,0.357,9.4,2.0,6.5,1.0,1.8,-3.8,-1.9,7.7,17.7,109.0,9.4,0.404,23.2,2.9,0.767,3.8,78.0,78.0,2501.0,-1.9,1.3,2.9,104.0,12.7,3.9,25.0,0.9,0.9,2.0,7.3,9.0,10.0,0.503,23.2
Steven Adams,8.9,0.631,14.2,0.0,0.0,0.0,1.8,5.5,1.6,2.8,3.3,1.1,6.0,13.9,107.0,8.9,0.629,14.2,3.2,0.559,5.7,76.0,76.0,2487.0,2.2,7.7,16.6,125.0,20.6,4.3,21.1,1.8,1.8,2.6,13.2,13.7,15.3,0.63,16.7
Jerami Grant,6.4,0.613,10.4,1.0,0.291,3.3,1.7,5.1,2.3,4.2,-0.6,0.2,7.0,16.3,108.0,7.4,0.535,13.7,4.9,0.675,7.2,1.0,81.0,1647.0,-0.8,2.6,5.6,122.0,16.2,4.7,20.6,0.9,0.9,1.6,8.8,9.6,10.7,0.607,16.0
Raymond Felton,5.2,0.444,11.7,2.9,0.352,8.4,7.4,22.5,0.6,1.1,-2.8,-1.7,4.8,11.0,109.0,8.1,0.406,20.1,1.3,0.818,1.6,2.0,82.0,1365.0,-1.1,0.9,2.0,105.0,13.0,3.3,20.5,1.8,1.8,2.8,11.7,5.7,6.3,0.494,20.4
Patrick Patterson,1.6,0.421,3.7,2.6,0.386,6.7,2.2,6.1,0.9,1.6,-1.3,0.3,6.3,14.6,108.0,4.1,0.398,10.4,1.6,0.87,1.8,3.0,82.0,1270.0,-1.6,1.3,2.7,114.0,10.0,3.4,12.4,1.9,1.9,1.3,10.3,7.5,8.4,0.555,10.8
Alex Abrines,1.4,0.443,3.1,3.7,0.38,9.7,1.2,3.4,0.4,0.6,-2.2,-1.7,3.9,8.9,110.0,5.0,0.395,12.7,1.7,0.848,2.0,8.0,75.0,1134.0,-0.5,1.1,2.5,116.0,9.0,5.4,15.4,1.7,1.7,1.1,7.4,5.0,5.6,0.567,12.7
Josh Huestis,1.4,0.403,3.4,1.7,0.287,5.8,1.0,2.7,2.2,4.0,-3.9,0.7,6.0,13.9,109.0,3.0,0.33,9.2,0.3,0.3,1.0,10.0,69.0,982.0,-4.6,2.1,4.6,91.0,5.4,4.1,8.0,0.8,0.8,1.3,12.0,8.1,9.1,0.417,9.5
Terrance Ferguson,2.0,0.612,3.2,2.6,0.333,7.8,1.2,3.4,0.7,1.2,-2.5,-1.3,1.8,4.2,111.0,4.6,0.414,11.0,0.6,0.9,0.7,12.0,61.0,763.0,-1.2,1.2,2.7,115.0,7.4,5.4,12.3,1.6,1.6,0.7,6.0,3.1,3.4,0.545,10.4
Donovan Mitchell,7.8,0.502,15.4,3.6,0.34,10.5,5.5,19.4,0.5,0.9,1.1,-0.2,4.6,10.4,105.0,11.3,0.437,25.9,4.5,0.805,5.6,71.0,79.0,2638.0,1.3,1.0,2.3,103.0,16.7,4.0,30.7,2.2,2.2,4.1,12.6,5.6,6.4,0.541,29.1
Joe Ingles,2.5,0.516,4.9,4.0,0.44,9.0,7.6,22.9,0.4,0.7,3.1,1.0,6.2,13.9,106.0,6.5,0.467,14.0,1.3,0.795,1.6,81.0,82.0,2578.0,2.1,0.5,1.1,115.0,14.4,3.5,18.3,1.8,1.8,3.1,17.4,6.7,7.6,0.623,15.9
Ricky Rubio,5.6,0.451,12.3,2.1,0.352,6.1,9.1,28.4,0.2,0.4,1.7,1.6,6.8,15.3,103.0,7.7,0.418,18.4,4.9,0.866,5.7,77.0,77.0,2254.0,0.1,1.0,2.2,105.0,15.4,4.6,22.4,2.7,2.7,4.6,18.1,7.8,8.8,0.537,22.9
Derrick Favors,8.9,0.596,14.9,0.3,0.222,1.5,2.4,7.8,1.9,3.2,2.7,2.2,8.2,18.5,104.0,9.2,0.563,16.4,3.3,0.651,5.0,77.0,77.0,2153.0,0.5,4.6,10.6,119.0,18.8,3.8,22.0,1.3,1.3,2.0,9.9,12.9,14.6,0.593,18.5
Rudy Gobert,7.6,0.622,12.3,0.0,0.0,0.0,2.2,6.9,3.6,6.0,4.3,4.6,12.0,27.0,99.0,7.6,0.622,12.3,5.6,0.682,8.3,56.0,56.0,1816.0,-0.3,4.6,10.4,122.0,20.7,4.2,20.9,1.2,1.2,3.0,15.7,16.6,18.8,0.657,16.9
Royce O'Neale,3.4,0.47,7.2,1.8,0.356,5.1,4.1,12.0,0.7,1.2,-0.6,1.7,9.2,20.6,104.0,5.2,0.423,12.4,2.7,0.803,3.3,4.0,69.0,1150.0,-2.4,1.1,2.5,105.0,10.8,4.6,15.0,1.6,1.6,2.4,14.8,10.3,11.7,0.54,14.6
Jonas Jerebko,4.2,0.511,8.1,2.9,0.414,6.9,1.9,5.7,0.5,0.9,-0.6,-0.3,8.5,19.1,106.0,7.0,0.466,15.1,2.0,0.807,2.5,19.0,74.0,1134.0,-0.3,2.3,5.4,118.0,13.2,5.6,19.0,1.1,1.1,1.2,6.9,10.9,12.3,0.586,15.6
Alec Burks,5.8,0.452,12.9,2.2,0.331,6.7,3.2,10.0,0.4,0.6,-2.8,-0.3,8.2,18.4,105.0,8.1,0.411,19.6,5.1,0.863,5.9,1.0,64.0,1059.0,-2.5,0.9,2.1,102.0,13.1,3.6,23.4,1.8,1.8,2.8,11.4,9.1,10.3,0.527,22.5
Ekpe Udoh,3.7,0.504,7.4,0.0,0.0,0.1,3.3,9.1,4.6,7.7,5.7,6.8,5.1,11.4,98.0,3.7,0.5,7.4,2.6,0.75,3.5,3.0,63.0,810.0,-1.1,4.2,9.6,126.0,15.2,6.5,10.0,2.7,2.7,1.2,12.1,9.3,10.5,0.56,9.1
Andrew Wiggins,7.7,0.475,16.1,1.9,0.331,5.7,2.7,8.2,0.9,1.5,-2.5,-1.4,4.6,10.8,113.0,9.6,0.438,21.8,3.4,0.643,5.3,82.0,82.0,2979.0,-1.1,1.4,3.1,101.0,13.0,2.7,24.4,1.5,1.5,2.3,8.8,6.0,6.9,0.505,23.4
Karl-Anthony Towns,8.9,0.585,15.2,2.1,0.421,4.9,3.4,10.8,2.0,3.5,5.5,1.1,13.3,30.9,107.0,11.0,0.545,20.1,5.9,0.858,6.9,82.0,82.0,2918.0,4.4,4.1,9.3,127.0,24.9,4.9,29.9,1.1,1.1,2.7,10.5,17.3,20.0,0.646,22.9
Taj Gibson,7.7,0.595,12.9,0.1,0.2,0.6,1.8,5.2,1.1,1.9,1.1,0.2,7.2,16.7,112.0,7.8,0.577,13.5,2.6,0.768,3.4,82.0,82.0,2726.0,0.9,3.6,8.1,123.0,15.4,4.0,18.3,1.1,1.1,1.6,9.8,10.7,12.4,0.61,14.7
Jeff Teague,5.8,0.477,12.2,1.8,0.368,4.9,10.6,30.6,0.5,0.8,0.2,-1.3,4.0,9.3,112.0,7.7,0.446,17.2,4.4,0.845,5.2,70.0,70.0,2311.0,1.5,0.5,1.2,111.0,16.4,3.7,21.5,2.2,2.2,3.8,16.4,4.5,5.2,0.553,20.6
Jimmy Butler,8.5,0.509,16.7,1.6,0.35,4.6,6.7,20.6,0.6,1.0,5.0,0.1,5.4,12.7,110.0,10.1,0.474,21.3,8.4,0.854,9.8,59.0,59.0,2164.0,4.9,1.8,4.2,122.0,23.7,1.8,30.2,2.7,2.7,2.5,8.9,7.3,8.4,0.59,24.9
Jamal Crawford,6.2,0.477,12.9,3.1,0.331,9.5,5.6,16.9,0.3,0.5,-3.9,-4.0,2.4,5.5,116.0,9.3,0.415,22.4,3.1,0.903,3.4,0.0,80.0,1653.0,0.0,0.6,1.4,104.0,13.0,2.6,24.9,1.2,1.2,2.9,10.7,3.0,3.5,0.519,23.7
Tyus Jones,3.6,0.528,6.8,1.5,0.349,4.4,7.9,21.2,0.2,0.4,0.5,-0.3,4.0,9.2,110.0,5.1,0.457,11.2,2.4,0.877,2.8,11.0,82.0,1467.0,0.8,0.5,1.2,119.0,14.1,3.7,14.2,3.2,3.2,2.0,14.0,4.5,5.2,0.572,12.7
Nemanja Bjelica,3.5,0.505,6.9,2.8,0.415,6.7,3.1,8.7,0.6,1.0,0.5,-0.1,8.1,18.8,110.0,6.2,0.461,13.5,1.3,0.8,1.6,21.0,67.0,1371.0,0.6,1.9,4.4,114.0,12.6,5.1,16.6,1.8,1.8,1.9,11.7,10.0,11.5,0.581,14.3
Gorgui Dieng,6.3,0.511,12.3,0.7,0.311,2.3,2.7,7.5,1.5,2.6,-0.4,0.6,9.5,22.2,109.0,7.0,0.479,14.6,3.0,0.775,3.8,0.0,79.0,1333.0,-1.0,4.0,9.1,112.0,14.7,5.5,17.6,1.7,1.7,2.2,12.0,13.5,15.6,0.543,16.3
Will Barton,5.7,0.51,11.2,2.9,0.37,7.8,6.1,18.5,1.0,1.6,1.0,-0.6,6.3,14.2,112.0,8.6,0.452,19.0,3.4,0.805,4.2,40.0,81.0,2683.0,1.6,1.3,3.0,113.0,16.2,3.1,23.4,1.5,1.5,2.8,11.7,7.6,8.6,0.562,20.7
Jamal Murray,6.1,0.502,12.1,3.2,0.378,8.4,5.3,16.4,0.5,0.9,-0.2,-2.0,4.2,9.4,113.0,9.3,0.451,20.5,4.4,0.905,4.9,80.0,81.0,2565.0,1.8,1.6,3.6,112.0,16.1,3.3,26.1,1.5,1.5,3.3,12.8,5.7,6.5,0.576,22.8
Nikola Jokic,8.0,0.538,14.8,2.3,0.396,5.7,9.3,29.6,1.2,2.1,7.1,2.3,12.3,27.9,107.0,10.2,0.499,20.5,5.4,0.85,6.4,73.0,75.0,2443.0,4.8,4.0,9.0,121.0,24.4,4.3,28.1,1.8,1.8,4.3,15.5,16.3,18.5,0.603,24.2
Wilson Chandler,4.1,0.501,8.1,1.9,0.358,5.2,3.4,9.5,0.8,1.4,-0.9,-0.4,6.3,14.1,113.0,5.9,0.445,13.3,1.9,0.772,2.4,71.0,74.0,2346.0,-0.5,2.2,4.9,110.0,11.0,3.3,15.6,0.9,0.9,1.9,11.9,8.4,9.6,0.542,14.3
Gary Harris,6.1,0.553,11.1,3.4,0.396,8.5,4.2,13.0,0.3,0.5,0.9,-1.5,3.0,6.8,112.0,9.5,0.485,19.5,2.9,0.827,3.5,65.0,67.0,2304.0,2.4,0.8,1.8,115.0,16.5,2.6,25.2,2.6,2.6,2.6,10.8,3.8,4.3,0.597,20.7
Mason Plumlee,7.6,0.602,12.6,0.0,0.0,0.0,4.9,14.4,2.8,4.7,1.8,2.7,9.2,20.9,107.0,7.6,0.601,12.7,2.8,0.458,6.2,26.0,74.0,1439.0,-0.9,4.5,10.4,112.0,16.9,6.3,18.1,1.7,1.7,3.5,18.7,13.8,15.6,0.586,16.6
Trey Lyles,6.7,0.563,11.8,3.0,0.381,7.8,3.2,10.1,1.2,2.0,-0.8,-1.4,10.4,23.5,110.0,9.6,0.491,19.6,3.6,0.706,5.1,2.0,73.0,1391.0,0.6,2.0,4.5,116.0,17.9,4.0,25.8,1.1,1.1,2.2,9.0,12.4,14.0,0.591,21.1
Emmanuel Mudiay,6.0,0.414,14.5,2.5,0.373,6.7,8.0,24.1,0.3,0.4,-5.0,-2.9,5.1,11.6,113.0,8.5,0.401,21.2,4.2,0.808,5.1,0.0,42.0,752.0,-2.2,1.1,2.4,99.0,12.3,3.1,23.7,1.4,1.4,4.7,16.8,6.2,7.0,0.504,24.8
Malik Beasley,3.8,0.469,8.2,2.4,0.341,7.0,2.6,7.4,0.6,1.0,-5.1,-2.4,4.8,11.0,113.0,6.2,0.41,15.1,1.9,0.667,2.8,0.0,62.0,583.0,-2.8,1.2,2.7,101.0,9.0,3.1,16.7,1.3,1.3,2.0,11.1,6.0,6.9,0.509,16.2
Klay Thompson,6.7,0.526,12.7,4.4,0.44,10.0,3.6,11.2,0.7,1.1,-0.6,-2.4,4.7,10.3,111.0,11.1,0.488,22.7,1.6,0.837,1.9,73.0,73.0,2506.0,1.8,0.6,1.5,110.0,16.1,2.3,28.1,1.1,1.1,2.5,9.5,5.3,6.2,0.598,23.7
Kevin Durant,9.5,0.565,16.8,3.6,0.419,8.6,7.6,25.5,2.5,4.0,5.6,0.7,9.0,19.5,107.0,13.1,0.516,25.3,7.4,0.889,8.4,68.0,68.0,2325.0,5.0,0.6,1.6,119.0,26.0,2.8,37.1,1.0,1.0,4.3,12.9,9.6,11.2,0.64,30.4
Draymond Green,4.3,0.562,7.6,1.6,0.301,5.4,10.7,29.0,1.9,3.1,3.2,2.7,9.7,21.1,105.0,5.9,0.454,13.0,2.8,0.775,3.6,70.0,70.0,2287.0,0.4,1.6,3.9,110.0,16.1,3.9,16.3,2.0,2.0,4.3,22.5,11.3,13.1,0.556,17.2
Stephen Curry,6.4,0.595,10.7,6.3,0.423,14.8,9.2,30.3,0.2,0.4,8.6,-1.3,6.6,14.4,108.0,12.6,0.495,25.5,8.2,0.921,8.9,51.0,51.0,1631.0,9.9,1.1,2.7,125.0,28.2,3.4,39.8,2.4,2.4,4.5,13.3,7.7,9.0,0.675,31.0
Andre Iguodala,3.4,0.567,6.0,1.0,0.282,3.5,6.2,16.2,1.1,1.9,0.2,0.9,5.8,12.6,109.0,4.4,0.463,9.5,1.6,0.632,2.6,7.0,64.0,1622.0,-0.7,1.5,3.7,113.0,11.2,2.9,11.4,1.6,1.6,2.0,15.8,7.3,8.5,0.536,11.5
Nick Young,2.7,0.481,5.6,4.3,0.377,11.3,1.2,3.5,0.2,0.4,-3.7,-3.4,3.6,7.9,112.0,7.0,0.412,16.9,1.9,0.862,2.2,8.0,80.0,1393.0,-0.2,0.7,1.7,106.0,10.0,3.5,20.1,1.3,1.3,1.3,7.2,4.3,5.0,0.562,17.6
Shaun Livingston,7.3,0.509,14.4,0.0,0.0,0.2,6.0,16.8,0.9,1.5,-3.5,-0.9,4.2,9.2,110.0,7.3,0.501,14.6,2.1,0.82,2.6,7.0,71.0,1129.0,-2.6,1.4,3.4,108.0,11.6,5.0,16.8,1.5,1.5,2.5,13.6,5.6,6.5,0.533,16.7
David West,10.3,0.576,17.8,0.1,0.375,0.4,6.7,20.5,3.6,5.9,3.0,3.2,8.4,18.2,103.0,10.4,0.571,18.2,2.9,0.759,3.8,0.0,73.0,999.0,-0.2,3.1,7.7,113.0,20.9,5.8,23.9,2.3,2.3,3.9,16.2,11.5,13.3,0.6,21.7
Zaza Pachulia,7.4,0.567,13.0,0.0,0.0,0.0,5.4,15.2,0.8,1.4,0.8,1.3,11.5,25.0,105.0,7.4,0.564,13.1,3.7,0.806,4.6,57.0,69.0,972.0,-0.5,4.4,11.0,117.0,17.0,6.0,18.5,1.9,1.9,3.6,19.1,15.9,18.5,0.612,17.0
Patrick McCaw,3.7,0.503,7.3,1.0,0.238,4.0,4.1,10.6,0.5,0.8,-3.4,-0.5,3.3,7.2,110.0,4.6,0.409,11.3,1.3,0.765,1.7,10.0,57.0,961.0,-2.9,0.8,2.0,96.0,7.4,3.4,11.5,2.2,2.2,2.1,14.6,4.1,4.8,0.477,12.8
Kevon Looney,5.9,0.59,10.0,0.1,0.2,0.3,2.2,6.0,3.0,4.9,1.2,2.1,7.0,15.2,106.0,5.9,0.58,10.2,2.2,0.545,4.1,4.0,66.0,910.0,-0.9,4.4,11.0,121.0,14.8,5.6,14.1,1.8,1.8,1.6,12.0,11.4,13.2,0.588,12.5
Jordan Bell,6.9,0.641,10.8,0.0,0.0,0.2,6.1,16.9,3.3,5.5,3.7,3.7,8.8,19.0,103.0,6.9,0.627,11.0,1.8,0.682,2.6,13.0,57.0,809.0,0.0,3.6,8.9,121.0,18.0,5.5,15.6,2.1,2.1,3.0,20.0,12.3,14.3,0.641,13.9
Omri Casspi,7.2,0.595,12.0,0.7,0.455,1.4,3.3,9.5,1.2,2.0,-1.4,0.0,11.1,24.0,107.0,7.8,0.58,13.5,3.3,0.725,4.5,7.0,53.0,740.0,-1.5,2.0,4.9,117.0,15.5,4.6,19.5,1.2,1.2,2.4,13.5,13.0,15.1,0.632,16.3
JaVale McGee,10.7,0.638,16.7,0.0,0.0,0.5,2.6,8.0,4.5,7.3,2.6,2.1,8.6,18.7,103.0,10.7,0.621,17.2,3.0,0.731,4.1,17.0,65.0,615.0,0.4,4.6,11.5,124.0,22.3,7.1,24.3,1.6,1.6,2.1,10.0,13.2,15.4,0.641,19.2
Lou Williams,7.4,0.484,15.4,3.5,0.359,9.7,7.8,26.3,0.4,0.6,1.0,-2.9,3.0,6.6,113.0,10.9,0.435,25.1,8.1,0.88,9.2,19.0,79.0,2589.0,3.8,0.8,1.7,112.0,20.2,2.0,33.5,1.6,1.6,4.4,13.1,3.7,4.2,0.574,29.8
DeAndre Jordan,7.5,0.645,11.6,0.0,0.0,0.0,2.3,7.1,1.4,2.4,2.1,1.6,16.9,37.6,105.0,7.5,0.645,11.6,3.6,0.58,6.3,77.0,77.0,2424.0,0.5,6.6,15.1,125.0,20.2,4.1,18.6,0.8,0.8,2.7,16.1,23.5,26.5,0.648,15.2
Austin Rivers,4.8,0.461,10.5,3.2,0.378,8.5,5.7,17.5,0.4,0.6,-0.9,-1.7,2.8,6.2,113.0,8.1,0.424,19.0,2.4,0.642,3.8,59.0,61.0,2057.0,0.8,0.6,1.5,105.0,12.6,3.6,21.7,1.7,1.7,2.6,11.1,3.4,3.9,0.526,20.6
Wesley Johnson,2.9,0.471,6.2,2.0,0.339,5.8,2.0,5.6,2.0,3.5,0.3,2.3,6.1,13.6,107.0,4.9,0.408,12.0,1.4,0.741,1.9,40.0,74.0,1486.0,-2.0,0.9,2.2,99.0,9.8,4.8,13.2,2.5,2.5,1.8,12.3,7.1,8.0,0.512,13.0
Montrezl Harrell,13.0,0.641,20.3,0.0,0.143,0.3,2.8,10.1,2.0,3.4,2.4,0.0,7.6,17.0,109.0,13.1,0.635,20.6,5.2,0.626,8.3,3.0,76.0,1293.0,2.4,3.9,8.9,124.0,24.7,5.4,31.4,1.4,1.4,2.6,9.5,11.5,13.0,0.647,23.8
Sindarius Thornwell,3.2,0.448,7.2,1.0,0.377,2.6,2.9,7.8,1.1,1.8,-1.6,1.0,4.5,10.0,111.0,4.2,0.429,9.8,2.5,0.67,3.7,17.0,73.0,1156.0,-2.6,1.4,3.2,101.0,8.2,5.3,11.9,2.0,2.0,2.2,16.3,5.9,6.7,0.519,12.1
Milos Teodosic,2.7,0.492,5.5,3.8,0.379,9.9,9.0,26.2,0.2,0.4,-1.4,-2.2,4.7,10.5,114.0,6.5,0.419,15.4,1.7,0.848,2.0,36.0,45.0,1134.0,0.8,0.7,1.6,107.0,11.6,4.4,18.4,1.0,1.0,4.2,20.3,5.4,6.1,0.564,18.2
Sam Dekker,6.5,0.593,11.0,0.6,0.167,3.3,2.1,6.2,0.5,0.9,-3.1,-1.0,7.2,16.0,111.0,7.0,0.494,14.3,2.0,0.661,3.1,1.0,73.0,883.0,-2.1,2.4,5.6,107.0,11.5,3.9,16.7,1.3,1.3,1.8,10.4,9.6,10.8,0.534,15.5
Jawun Evans,4.6,0.372,12.4,0.9,0.278,3.4,6.3,17.8,0.4,0.6,-4.7,-0.5,4.7,10.4,111.0,5.6,0.352,15.8,2.4,0.776,3.1,4.0,48.0,778.0,-4.2,0.6,1.3,90.0,7.2,6.1,14.4,2.3,2.3,2.8,13.8,5.3,5.9,0.421,17.7
Kentavious Caldwell-Pope,3.5,0.473,7.5,3.1,0.383,8.1,3.2,9.4,0.3,0.5,1.0,0.4,6.4,14.1,108.0,6.6,0.426,15.5,3.0,0.789,3.8,74.0,74.0,2458.0,0.6,1.2,2.6,111.0,13.2,2.8,19.3,2.1,2.1,1.9,9.9,7.5,8.4,0.561,16.9
Kyle Kuzma,6.2,0.511,12.1,3.2,0.366,8.6,2.8,9.1,0.7,1.1,-1.3,-1.0,7.9,17.4,109.0,9.3,0.45,20.7,2.9,0.707,4.1,37.0,77.0,2401.0,-0.3,1.8,3.9,105.0,14.2,3.2,24.7,1.0,1.0,2.8,11.0,9.6,10.7,0.549,22.5
Julius Randle,10.8,0.575,18.8,0.2,0.222,1.0,4.6,15.8,1.0,1.7,0.9,0.6,10.3,22.8,107.0,11.0,0.558,19.7,6.7,0.718,9.3,49.0,82.0,2190.0,0.4,4.0,8.9,112.0,19.9,6.0,28.9,0.9,0.9,4.7,16.3,14.3,15.9,0.606,25.3
Brandon Ingram,7.7,0.483,15.9,1.0,0.39,2.5,5.6,17.7,1.0,1.8,-1.3,0.3,6.2,13.8,109.0,8.7,0.47,18.4,4.7,0.681,6.8,59.0,59.0,1975.0,-1.6,1.4,3.1,104.0,13.8,3.9,23.0,1.1,1.1,3.6,14.4,7.6,8.5,0.536,22.2
Lonzo Ball,3.0,0.42,7.2,2.4,0.305,7.9,10.1,29.2,1.2,2.0,1.7,2.5,7.8,17.3,106.0,5.5,0.36,15.2,0.9,0.451,1.9,50.0,52.0,1780.0,-0.8,1.9,4.2,97.0,12.5,3.1,14.2,2.4,2.4,3.7,18.6,9.7,10.8,0.444,17.4
Brook Lopez,7.1,0.549,12.9,3.1,0.345,9.0,3.5,11.6,2.7,4.6,0.5,0.2,6.1,13.4,108.0,10.2,0.465,21.9,3.1,0.703,4.4,72.0,74.0,1735.0,0.3,2.0,4.6,108.0,16.4,5.4,26.5,0.8,0.8,2.7,10.2,8.1,9.0,0.557,23.5
Josh Hart,3.2,0.551,5.8,2.6,0.396,6.5,2.6,7.6,0.5,0.9,-0.1,0.2,7.2,16.0,109.0,5.8,0.469,12.3,2.2,0.702,3.1,23.0,63.0,1461.0,-0.3,1.4,3.1,116.0,12.2,3.5,16.2,1.5,1.5,1.5,10.1,8.6,9.6,0.596,13.5
Jordan Clarkson,8.8,0.505,17.4,2.6,0.324,8.0,6.6,22.9,0.1,0.2,-1.3,-2.3,4.4,9.7,111.0,11.4,0.448,25.4,4.0,0.795,5.0,2.0,53.0,1256.0,1.0,1.7,3.8,105.0,16.9,2.4,29.4,1.5,1.5,3.6,11.6,6.1,6.7,0.532,27.7
Larry Nance,7.8,0.606,12.9,0.1,0.25,0.2,3.0,9.2,1.0,1.8,3.8,2.7,9.1,20.2,103.0,7.9,0.601,13.1,2.9,0.632,4.5,17.0,42.0,922.0,1.0,5.6,12.6,124.0,19.4,5.9,18.7,3.1,3.1,2.1,12.3,14.7,16.4,0.618,15.3
Corey Brewer,4.8,0.543,8.9,0.6,0.186,3.0,2.8,8.1,0.6,0.9,-2.7,0.9,4.8,10.7,107.0,5.4,0.453,11.9,2.3,0.667,3.5,2.0,54.0,694.0,-3.6,1.6,3.6,97.0,8.9,5.7,13.6,2.8,2.8,2.6,16.3,6.4,7.1,0.509,14.2
Tyler Ennis,5.6,0.476,11.8,1.0,0.25,3.9,7.4,21.9,0.7,1.2,-2.9,-0.1,5.3,11.8,108.0,6.6,0.42,15.7,1.5,0.759,2.0,11.0,54.0,683.0,-2.8,1.3,3.0,101.0,11.1,5.3,15.7,2.1,2.1,2.7,13.8,6.7,7.4,0.473,17.1
Bogdan Bogdanovic,5.0,0.485,10.3,3.0,0.392,7.7,6.0,18.3,0.4,0.7,-1.0,-1.5,4.5,10.5,113.0,8.0,0.446,18.0,2.3,0.84,2.8,53.0,78.0,2175.0,0.5,0.7,1.6,107.0,13.5,4.0,21.3,1.7,1.7,2.9,13.2,5.2,5.8,0.556,19.6
Willie Cauley-Stein,9.5,0.506,18.8,0.1,0.25,0.3,4.3,13.7,1.7,3.1,0.4,1.7,9.4,22.0,108.0,9.6,0.502,19.1,3.8,0.619,6.1,58.0,73.0,2044.0,-1.3,3.2,7.0,106.0,17.6,4.6,23.1,1.9,1.9,2.7,11.0,12.6,14.2,0.529,21.8
De'Aaron Fox,7.0,0.436,16.1,1.2,0.307,3.8,8.0,24.6,0.5,0.9,-4.4,-1.5,4.3,10.0,113.0,8.2,0.412,19.9,3.5,0.723,4.9,60.0,73.0,2026.0,-2.8,0.8,1.8,94.0,11.2,4.1,21.1,1.7,1.7,4.3,16.4,5.1,5.7,0.478,23.4
Buddy Hield,6.0,0.457,13.1,4.4,0.431,10.2,3.9,12.8,0.5,1.0,-0.2,-1.4,6.3,14.8,111.0,10.4,0.446,23.3,1.8,0.877,2.0,12.0,80.0,2024.0,1.2,1.4,3.0,104.0,16.1,3.7,27.0,2.1,2.1,3.1,11.3,7.7,8.6,0.557,24.3
Garrett Temple,3.4,0.442,7.8,2.8,0.392,7.1,3.9,11.3,0.8,1.6,-1.9,-0.6,4.1,9.6,112.0,6.2,0.418,14.9,1.9,0.769,2.4,35.0,65.0,1615.0,-1.3,0.7,1.5,102.0,10.2,4.2,17.1,1.8,1.8,2.5,13.4,4.8,5.4,0.536,16.4
Zach Randolph,10.4,0.503,20.7,1.7,0.347,4.9,4.3,14.9,0.3,0.6,-1.8,-1.2,10.1,23.7,111.0,12.1,0.473,25.6,2.8,0.785,3.6,57.0,59.0,1508.0,-0.6,3.3,7.0,101.0,17.3,4.0,28.7,1.4,1.4,3.9,12.5,13.3,15.0,0.529,27.6
Justin Jackson,4.3,0.547,7.9,1.9,0.308,6.2,2.5,7.2,0.4,0.8,-3.5,-1.5,5.4,12.6,114.0,6.2,0.442,14.1,0.9,0.722,1.2,41.0,68.0,1506.0,-2.0,0.9,2.0,103.0,9.2,2.7,15.2,0.9,0.9,1.3,8.4,6.3,7.1,0.521,14.2
Kosta Koufos,8.1,0.571,14.1,0.0,0.0,0.0,3.2,9.7,1.2,2.2,0.5,1.4,11.7,27.6,108.0,8.1,0.571,14.1,1.2,0.446,2.7,13.0,71.0,1391.0,-0.8,5.4,11.7,117.0,17.5,5.3,17.3,1.7,1.7,1.8,10.4,17.2,19.3,0.566,15.2
Skal Labissiere,7.6,0.459,16.6,0.7,0.353,2.1,2.9,9.1,2.0,3.7,-2.6,0.1,7.7,18.1,111.0,8.4,0.448,18.7,3.9,0.805,4.8,28.0,60.0,1240.0,-2.7,4.0,8.7,103.0,14.3,5.4,21.3,1.0,1.0,3.0,12.5,11.7,13.2,0.513,21.1
George Hill,4.2,0.48,8.8,2.6,0.453,5.7,5.3,15.5,0.5,1.0,-0.6,-1.0,4.2,9.9,113.0,6.8,0.469,14.4,3.4,0.778,4.4,36.0,43.0,1143.0,0.4,1.0,2.1,113.0,14.0,3.3,19.5,1.7,1.7,2.7,14.0,5.2,5.8,0.597,16.9
Vince Carter,2.8,0.483,5.8,2.8,0.345,8.1,3.4,9.7,1.3,2.4,-1.1,0.4,6.4,15.1,110.0,5.6,0.403,14.0,1.4,0.757,1.8,5.0,58.0,1026.0,-1.5,0.9,1.9,103.0,10.8,4.7,15.4,2.1,2.1,1.8,10.7,7.3,8.2,0.523,14.7
Frank Mason,5.8,0.384,15.1,1.6,0.36,4.4,7.6,22.7,0.5,1.0,-3.4,-1.4,5.1,12.1,112.0,7.4,0.379,19.5,4.8,0.817,5.9,2.0,52.0,984.0,-2.0,1.5,3.3,100.0,13.0,3.7,21.2,1.7,1.7,3.3,13.1,6.7,7.5,0.48,22.6
T.J. Warren,11.4,0.523,21.7,0.4,0.222,2.0,1.9,7.2,0.9,1.5,-1.9,-1.7,4.6,10.5,114.0,11.8,0.498,23.8,4.3,0.757,5.7,65.0,65.0,2142.0,-0.1,2.8,6.1,109.0,17.6,3.3,28.4,1.5,1.5,1.9,6.7,7.4,8.3,0.541,24.9
Dragan Bender,1.6,0.426,3.7,2.7,0.366,7.4,3.0,8.9,1.2,2.1,-2.7,0.0,7.4,16.8,114.0,4.3,0.386,11.2,0.9,0.765,1.2,37.0,82.0,2069.0,-2.7,0.9,2.0,95.0,7.1,3.8,12.3,0.5,0.5,2.6,18.1,8.4,9.3,0.524,12.7
Josh Jackson,8.1,0.464,17.5,1.4,0.263,5.3,2.9,10.1,0.9,1.4,-4.3,-1.2,6.3,14.2,112.0,9.5,0.417,22.8,4.3,0.634,6.8,35.0,77.0,1959.0,-3.1,2.3,5.1,93.0,11.8,5.3,24.7,2.0,2.0,3.6,12.2,8.6,9.6,0.48,26.0
Devin Booker,7.9,0.46,17.2,3.8,0.383,9.9,6.5,24.4,0.4,0.6,0.4,-2.4,5.6,12.7,115.0,11.7,0.432,27.1,7.4,0.878,8.4,54.0,54.0,1865.0,2.9,0.7,1.5,105.0,18.1,4.3,34.5,1.2,1.2,5.0,13.9,6.3,7.0,0.561,31.7
Tyler Ulis,5.0,0.425,11.7,1.2,0.288,4.2,9.0,28.0,0.2,0.3,-5.2,-2.4,3.0,6.8,115.0,6.2,0.388,15.9,2.4,0.832,2.9,43.0,71.0,1658.0,-2.8,0.7,1.5,96.0,10.1,3.5,16.0,2.0,2.0,3.7,17.6,3.7,4.1,0.465,18.5
Troy Daniels,1.4,0.419,3.5,5.4,0.4,13.5,1.4,4.5,0.1,0.2,-2.9,-3.6,3.4,7.7,117.0,6.8,0.403,17.0,1.7,0.875,1.9,15.0,79.0,1622.0,0.7,0.4,0.8,109.0,9.8,4.0,20.7,0.8,0.8,1.7,8.5,3.7,4.2,0.583,17.2
Marquese Chriss,4.6,0.509,9.0,1.8,0.295,6.0,2.6,8.1,2.2,3.7,-2.0,1.3,10.0,22.7,109.0,6.3,0.423,15.0,3.0,0.608,5.0,49.0,72.0,1527.0,-3.3,2.4,5.2,95.0,11.1,6.4,17.4,1.6,1.6,3.4,16.4,12.4,13.8,0.509,18.1
Alex Len,7.3,0.568,12.9,0.0,0.333,0.1,2.8,9.1,2.1,3.5,0.8,1.1,11.8,26.7,110.0,7.3,0.566,13.0,5.4,0.684,7.9,13.0,69.0,1395.0,-0.3,6.0,13.2,121.0,19.4,5.4,20.1,0.9,0.9,2.7,14.0,17.8,19.8,0.612,17.0
Tyson Chandler,5.0,0.647,7.8,0.0,0.0,0.0,2.2,6.6,1.1,1.9,-0.3,1.0,11.8,26.8,111.0,5.0,0.647,7.8,2.4,0.624,3.9,46.0,46.0,1151.0,-1.3,5.6,12.2,122.0,14.2,4.4,12.5,0.7,0.7,2.5,20.5,17.4,19.4,0.658,10.6
Jared Dudley,1.3,0.452,2.9,2.0,0.363,5.6,5.4,15.6,0.8,1.3,-1.9,0.0,6.0,13.6,113.0,3.3,0.393,8.5,1.9,0.771,2.4,0.0,48.0,686.0,-1.9,0.6,1.2,110.0,8.8,5.9,10.6,1.7,1.7,2.0,16.9,6.6,7.3,0.553,10.2
James Harden,7.4,0.531,14.0,5.1,0.367,13.9,12.2,45.1,1.0,1.7,10.9,1.3,6.7,15.2,105.0,12.6,0.449,27.9,12.0,0.858,14.0,72.0,72.0,2551.0,9.6,0.8,1.8,120.0,29.8,3.3,42.3,2.4,2.4,6.1,15.1,7.5,8.6,0.619,36.1
P.J. Tucker,1.2,0.435,2.8,2.5,0.371,6.7,1.7,4.6,0.6,1.0,0.0,1.5,7.9,17.8,106.0,3.7,0.39,9.5,0.9,0.717,1.3,34.0,82.0,2281.0,-1.5,2.0,4.6,107.0,8.3,4.4,10.8,1.7,1.7,1.6,13.7,9.9,11.3,0.537,10.5
Trevor Ariza,2.1,0.519,4.1,3.7,0.368,10.0,2.3,6.8,0.3,0.5,1.5,0.7,5.7,12.9,107.0,5.8,0.412,14.1,1.6,0.854,1.9,67.0,67.0,2269.0,0.8,0.7,1.7,114.0,11.8,2.9,17.0,2.1,2.1,1.1,7.0,6.4,7.3,0.567,14.4
Eric Gordon,4.5,0.544,8.3,5.0,0.359,13.9,3.5,11.7,0.6,1.1,-1.0,-2.4,3.3,7.5,110.0,9.5,0.428,22.2,4.5,0.809,5.5,30.0,69.0,2154.0,1.4,0.6,1.3,110.0,15.2,2.6,28.4,1.0,1.0,3.0,10.8,3.9,4.4,0.578,24.7
Clint Capela,10.7,0.653,16.3,0.0,0.0,0.0,1.6,5.7,3.3,5.7,3.0,2.9,13.6,30.8,101.0,10.7,0.652,16.4,3.5,0.56,6.2,74.0,74.0,2034.0,0.1,5.8,13.5,126.0,24.5,4.5,24.8,1.4,1.4,2.5,11.5,19.4,22.2,0.65,19.4
Chris Paul,5.9,0.532,11.2,3.8,0.38,10.1,12.2,40.9,0.4,0.6,7.1,0.9,7.4,16.7,105.0,9.8,0.46,21.3,5.4,0.919,5.9,58.0,58.0,1847.0,6.2,1.0,2.3,126.0,24.4,3.8,28.8,2.6,2.6,3.4,12.5,8.3,9.5,0.604,24.5
Ryan Anderson,2.2,0.539,4.0,3.7,0.386,9.7,1.7,5.1,0.6,1.0,0.2,-0.8,6.8,15.4,109.0,5.9,0.431,13.7,2.1,0.774,2.7,50.0,66.0,1725.0,1.0,2.7,6.2,121.0,12.6,3.6,17.6,0.7,0.7,1.2,7.5,9.4,10.8,0.592,14.4
Luc Mbah a Moute,3.2,0.599,5.4,2.0,0.364,5.4,1.7,5.0,0.8,1.4,0.0,1.5,5.2,11.7,106.0,5.2,0.481,10.9,2.0,0.684,3.0,15.0,61.0,1564.0,-1.5,0.7,1.6,106.0,10.2,3.1,14.5,2.3,2.3,2.1,15.1,5.9,6.7,0.595,12.9
Gerald Green,3.1,0.504,6.1,5.8,0.369,15.8,1.3,4.3,0.8,1.4,-1.9,-2.4,6.2,14.2,108.0,8.9,0.407,21.9,2.7,0.85,3.2,2.0,41.0,929.0,0.5,0.8,1.8,109.0,14.1,4.6,26.3,1.3,1.3,1.6,6.6,7.0,8.1,0.566,22.4
Nene Hilario,8.8,0.574,15.4,0.0,0.0,0.1,2.9,9.5,0.9,1.6,-0.8,0.7,7.9,18.0,105.0,8.8,0.569,15.5,4.4,0.636,6.9,4.0,52.0,758.0,-1.5,3.5,8.1,117.0,16.4,8.0,22.1,1.8,1.8,2.5,11.7,11.4,13.1,0.594,18.9
Tarik Black,6.8,0.638,10.6,0.1,0.091,1.0,1.2,3.7,2.8,4.8,-1.0,2.1,9.2,20.9,102.0,6.9,0.591,11.7,2.7,0.46,5.8,2.0,51.0,536.0,-3.0,5.8,13.4,110.0,14.3,9.8,16.5,1.9,1.9,3.2,18.4,15.0,17.1,0.582,15.6
Jrue Holiday,8.1,0.557,14.5,2.0,0.337,5.8,7.9,24.9,1.0,1.7,2.1,0.3,4.9,10.8,109.0,10.0,0.494,20.3,3.1,0.786,3.9,81.0,81.0,2927.0,1.8,1.0,2.4,110.0,17.8,3.3,25.1,2.0,2.0,3.5,13.6,6.0,6.8,0.57,23.1
Anthony Davis,12.7,0.558,22.8,1.0,0.34,2.8,3.0,10.8,3.4,5.6,5.2,2.3,11.3,24.8,102.0,13.7,0.534,25.6,8.7,0.828,10.5,75.0,75.0,2727.0,2.8,3.3,7.7,119.0,28.9,2.8,36.9,2.0,2.0,2.8,8.6,14.6,16.5,0.612,30.0
E'Twaun Moore,5.4,0.556,9.8,2.4,0.425,5.6,3.5,10.1,0.2,0.4,-0.2,-0.8,3.3,7.3,112.0,7.8,0.508,15.4,0.9,0.706,1.3,80.0,82.0,2586.0,0.6,1.1,2.5,111.0,12.1,3.4,18.9,1.5,1.5,1.9,10.6,4.4,5.0,0.593,16.1
Darius Miller,1.7,0.535,3.2,3.6,0.411,8.8,2.7,7.5,0.4,0.7,-1.0,-1.6,3.6,7.9,113.0,5.3,0.444,12.0,1.4,0.866,1.6,3.0,82.0,1944.0,0.5,0.4,1.0,115.0,9.3,3.9,15.6,0.7,0.7,1.4,10.1,4.0,4.6,0.617,12.8
DeMarcus Cousins,8.3,0.53,15.7,2.9,0.354,8.1,7.1,23.0,2.1,3.5,5.5,3.6,14.1,30.9,102.0,11.2,0.47,23.7,8.1,0.746,10.8,48.0,48.0,1737.0,1.9,2.9,6.8,104.0,22.6,5.0,33.3,2.2,2.2,6.7,18.9,17.0,19.2,0.583,31.9
Rajon Rondo,5.1,0.526,9.6,1.4,0.333,4.2,14.9,42.2,0.3,0.5,-1.1,-0.7,6.5,14.2,109.0,6.5,0.468,13.8,0.7,0.543,1.3,63.0,65.0,1705.0,-0.4,0.9,2.0,109.0,15.3,3.3,15.0,2.0,2.0,4.2,22.7,7.4,8.4,0.522,16.9
Ian Clark,5.2,0.533,9.8,2.0,0.318,6.4,3.6,10.4,0.3,0.5,-3.9,-2.0,3.8,8.4,112.0,7.3,0.448,16.2,1.5,0.763,1.9,2.0,74.0,1455.0,-2.0,0.3,0.8,102.0,9.4,3.9,18.1,1.1,1.1,1.9,9.9,4.2,4.7,0.529,17.2
Dante Cunningham,2.7,0.547,5.0,1.5,0.324,4.6,1.1,3.0,0.7,1.1,-1.7,-0.1,6.1,13.4,111.0,4.2,0.44,9.6,0.9,0.556,1.5,24.0,51.0,1115.0,-1.6,2.1,5.0,110.0,8.4,3.2,10.8,1.2,1.2,0.7,6.2,8.3,9.4,0.525,10.0
Jameer Nelson,2.3,0.463,5.1,2.1,0.364,5.9,8.3,22.2,0.2,0.3,-3.3,-1.4,4.5,9.9,112.0,4.5,0.41,10.9,0.7,0.765,0.9,0.0,43.0,897.0,-1.9,0.6,1.4,104.0,8.9,3.6,11.8,1.2,1.2,3.0,20.9,5.1,5.8,0.52,13.0
Cheick Diallo,8.4,0.58,14.5,0.0,0.0,0.0,1.6,4.7,1.7,2.9,-3.1,-0.3,13.5,29.6,105.0,8.4,0.58,14.5,4.1,0.758,5.4,0.0,52.0,581.0,-2.8,3.9,9.1,118.0,17.0,6.7,20.9,0.9,0.9,2.3,12.0,17.3,19.7,0.619,17.4
LaMarcus Aldridge,13.3,0.526,25.3,0.5,0.293,1.9,3.1,11.3,1.8,3.0,3.3,0.3,7.8,17.3,105.0,13.8,0.51,27.1,6.7,0.837,8.0,75.0,75.0,2509.0,3.0,5.0,10.8,118.0,25.0,3.2,34.9,0.9,0.9,2.2,6.8,12.8,14.0,0.57,29.1
Patty Mills,3.0,0.47,6.4,3.7,0.372,9.9,5.5,16.0,0.3,0.4,-0.4,-1.3,3.1,6.8,109.0,6.7,0.411,16.4,2.5,0.89,2.8,36.0,82.0,2107.0,0.9,0.6,1.4,109.0,11.8,3.1,19.6,1.3,1.3,2.5,12.6,3.7,4.1,0.558,17.8
Kyle Anderson,5.4,0.556,9.7,0.5,0.333,1.5,5.2,14.7,1.5,2.5,4.1,4.3,8.0,17.6,101.0,5.9,0.527,11.2,2.7,0.712,3.7,67.0,74.0,1978.0,-0.3,2.1,4.7,114.0,15.9,2.9,14.9,2.9,2.9,2.4,15.8,10.1,11.1,0.582,13.5
Pau Gasol,6.8,0.481,14.1,1.2,0.358,3.3,6.6,20.1,2.2,3.6,3.2,3.3,13.7,30.2,102.0,8.0,0.458,17.5,4.4,0.756,5.8,63.0,77.0,1812.0,-0.1,3.6,7.8,112.0,18.9,3.4,21.6,0.7,0.7,3.0,13.1,17.3,19.0,0.539,20.4
Danny Green,2.8,0.419,6.8,3.3,0.363,9.0,3.1,8.9,2.3,3.7,1.2,2.2,5.9,13.0,104.0,6.1,0.387,15.8,1.4,0.769,1.8,60.0,70.0,1791.0,-1.1,1.2,2.5,100.0,11.4,3.4,16.9,1.8,1.8,2.1,11.2,7.0,7.7,0.509,16.6
Dejounte Murray,7.6,0.454,16.7,0.3,0.265,1.0,6.7,20.2,0.9,1.5,1.2,3.4,10.1,22.4,101.0,7.8,0.443,17.7,3.0,0.709,4.3,48.0,81.0,1743.0,-2.2,3.2,7.0,99.0,15.1,4.4,19.0,2.8,2.8,3.9,16.6,13.3,14.6,0.485,20.7
Bryn Forbes,4.0,0.446,9.0,3.0,0.39,7.6,2.7,7.8,0.1,0.1,-3.1,-1.9,3.3,7.2,110.0,7.0,0.421,16.6,1.6,0.667,2.4,12.0,80.0,1517.0,-1.2,0.4,0.9,106.0,9.1,3.6,18.5,0.9,0.9,1.2,6.5,3.7,4.0,0.525,16.7
Manu Ginobili,5.3,0.506,10.5,2.5,0.333,7.5,6.3,19.1,0.6,1.0,-1.0,-0.5,4.8,10.6,107.0,7.8,0.434,18.0,4.3,0.84,5.1,0.0,65.0,1299.0,-0.5,0.7,1.6,103.0,12.9,4.9,22.4,1.7,1.7,4.1,16.8,5.5,6.1,0.553,21.5
Rudy Gay,8.9,0.516,17.2,1.5,0.314,4.8,3.0,9.8,1.6,2.6,0.3,1.0,8.8,19.5,103.0,10.4,0.471,22.0,4.6,0.772,6.0,6.0,57.0,1231.0,-0.7,3.1,6.8,106.0,18.0,4.0,26.9,1.9,1.9,3.2,11.5,11.9,13.1,0.545,24.6
Davis Bertans,3.1,0.588,5.3,4.4,0.373,11.7,3.4,10.3,1.3,2.1,1.0,-0.3,6.3,13.9,106.0,7.5,0.44,17.0,1.9,0.816,2.3,10.0,77.0,1086.0,1.2,0.8,1.8,115.0,14.1,4.3,21.2,1.2,1.2,1.7,8.5,7.1,7.8,0.588,17.4
Tony Parker,7.9,0.479,16.6,0.5,0.27,1.7,9.2,28.2,0.0,0.1,-4.1,-1.7,4.2,9.2,109.0,8.4,0.459,18.3,2.6,0.705,3.7,21.0,55.0,1071.0,-2.4,0.3,0.7,103.0,12.7,2.5,19.9,1.3,1.3,3.2,13.9,4.5,4.9,0.498,20.5
Brandon Paul,3.5,0.548,6.4,1.3,0.278,4.7,3.2,9.0,0.6,1.0,-2.8,0.9,5.4,12.0,105.0,4.8,0.433,11.1,1.9,0.512,3.8,2.0,64.0,576.0,-3.6,0.5,1.1,94.0,7.5,5.1,12.9,2.2,2.2,2.5,16.6,6.0,6.5,0.504,13.6
Joffrey Lauvergne,9.3,0.53,17.5,0.0,0.0,0.5,3.9,12.2,0.3,0.5,-1.6,-0.1,10.2,22.6,106.0,9.3,0.516,18.0,2.8,0.638,4.4,1.0,55.0,534.0,-1.4,6.0,13.0,109.0,16.5,4.3,21.4,0.9,0.9,3.1,13.5,16.2,17.8,0.536,20.4
Harrison Barnes,8.0,0.478,16.7,2.3,0.357,6.3,2.9,9.9,0.3,0.5,-2.1,-1.4,7.5,17.1,111.0,10.2,0.445,23.0,4.9,0.827,6.0,77.0,77.0,2634.0,-0.7,1.5,3.1,105.0,15.8,1.8,27.7,0.9,0.9,2.2,8.1,8.9,9.9,0.539,25.2
Yogi Ferrell,3.9,0.477,8.2,2.9,0.373,7.9,4.4,13.5,0.2,0.4,-1.0,-0.6,4.9,11.2,112.0,6.8,0.426,16.1,1.8,0.796,2.3,21.0,82.0,2282.0,-0.4,0.6,1.2,107.0,11.4,3.4,18.4,1.4,1.4,1.7,9.1,5.5,6.1,0.54,17.0
Wesley Matthews,3.1,0.441,6.9,3.6,0.381,9.5,4.1,12.3,0.4,0.7,0.1,-0.2,4.0,9.2,111.0,6.7,0.406,16.4,2.0,0.822,2.4,62.0,63.0,2131.0,0.2,0.7,1.4,105.0,11.4,3.3,18.9,1.8,1.8,2.0,10.1,4.7,5.2,0.541,17.6
Dennis Smith,7.3,0.435,16.8,2.6,0.313,8.3,8.8,29.5,0.4,0.8,-2.3,-0.7,5.1,11.8,110.0,9.9,0.395,25.1,3.3,0.694,4.7,69.0,69.0,2049.0,-1.5,1.2,2.6,93.0,12.8,3.7,25.7,1.7,1.7,4.8,15.0,6.4,7.0,0.473,28.9
Dirk Nowitzki,5.5,0.494,11.1,3.6,0.409,8.9,3.2,10.4,1.2,2.1,0.3,0.3,11.0,25.2,108.0,9.1,0.456,20.0,2.6,0.898,2.9,77.0,77.0,1900.0,0.1,0.6,1.2,112.0,16.7,3.9,24.5,1.1,1.1,1.3,6.0,11.6,12.8,0.575,20.5
Dwight Powell,6.8,0.656,10.4,0.8,0.333,2.5,2.7,8.5,1.0,1.7,2.7,1.6,9.3,21.3,107.0,7.7,0.593,12.9,4.0,0.719,5.6,25.0,79.0,1672.0,1.1,4.1,8.7,129.0,18.8,5.6,20.1,2.0,2.0,1.8,10.3,13.3,14.7,0.656,15.5
J.J. Barea,5.9,0.499,11.8,3.6,0.367,9.8,13.6,45.1,0.1,0.2,0.1,-2.3,5.8,13.4,112.0,9.5,0.439,21.6,2.5,0.784,3.2,10.0,69.0,1603.0,2.4,0.5,1.0,109.0,17.8,2.6,25.1,1.1,1.1,4.5,16.3,6.3,7.0,0.545,24.9
Maxi Kleber,4.6,0.613,7.5,1.7,0.313,5.3,2.1,6.4,2.0,3.5,0.2,1.2,6.8,15.6,109.0,6.3,0.489,12.9,1.8,0.746,2.5,36.0,72.0,1206.0,-1.0,3.0,6.3,117.0,13.4,4.7,16.1,1.1,1.1,1.2,8.2,9.7,10.8,0.576,13.7
Devin Harris,4.6,0.465,9.9,2.7,0.352,7.8,5.3,16.4,0.5,0.9,-1.4,-0.9,4.7,10.8,110.0,7.3,0.415,17.7,5.8,0.83,7.0,1.0,44.0,807.0,-0.5,0.6,1.2,107.0,13.5,6.4,23.2,2.1,2.1,3.0,12.8,5.3,5.8,0.56,21.5
Salah Mejri,6.1,0.657,9.2,0.0,0.0,0.2,2.4,7.2,4.6,8.2,3.1,5.3,11.1,25.4,102.0,6.1,0.642,9.4,2.6,0.576,4.5,1.0,61.0,729.0,-2.2,5.9,12.5,122.0,17.8,8.3,14.7,1.5,1.5,2.7,19.0,16.9,18.7,0.644,12.8
Marc Gasol,6.8,0.456,15.0,2.3,0.341,6.7,6.4,21.7,2.1,3.9,1.5,1.6,10.8,25.3,108.0,9.1,0.42,21.7,5.9,0.834,7.1,73.0,73.0,2408.0,-0.1,1.6,3.7,104.0,17.4,3.9,26.4,1.1,1.1,4.1,14.1,12.4,14.2,0.532,25.6
Dillon Brooks,5.3,0.484,10.9,2.0,0.356,5.7,2.9,9.3,0.4,0.7,-3.1,-1.3,4.5,10.5,113.0,7.3,0.44,16.6,2.7,0.747,3.6,74.0,82.0,2350.0,-1.8,1.1,2.4,100.0,9.8,5.0,19.3,1.6,1.6,2.7,12.8,5.5,6.3,0.531,18.5
Jarell Martin,5.7,0.47,12.1,1.0,0.347,3.0,2.2,7.0,1.5,2.8,-3.0,0.0,6.7,15.8,111.0,6.7,0.446,15.1,2.7,0.767,3.5,36.0,73.0,1661.0,-3.0,3.0,6.6,101.0,10.5,6.4,17.2,1.2,1.2,2.6,13.6,9.7,11.1,0.516,17.1
Tyreke Evans,7.9,0.482,16.5,3.6,0.399,9.0,8.5,31.2,0.5,1.0,3.6,-0.8,7.0,16.3,111.0,11.5,0.452,25.5,5.2,0.785,6.6,32.0,52.0,1607.0,4.4,1.4,3.1,111.0,21.1,3.0,31.8,1.8,1.8,3.7,11.5,8.3,9.5,0.561,28.4
JaMychal Green,5.9,0.499,11.8,1.4,0.339,4.2,2.6,8.3,0.8,1.5,-1.5,-0.4,10.4,24.4,110.0,7.3,0.457,16.0,2.6,0.721,3.6,54.0,55.0,1542.0,-1.2,4.8,10.8,108.0,14.0,5.0,18.7,1.0,1.0,2.5,12.4,15.2,17.4,0.53,17.8
Mario Chalmers,4.1,0.456,9.0,1.9,0.277,6.8,7.0,21.5,0.5,0.9,-2.7,-0.5,5.1,12.0,110.0,6.0,0.379,15.8,4.2,0.855,4.9,10.0,66.0,1421.0,-2.2,0.5,1.0,96.0,10.4,6.4,18.0,2.8,2.8,4.2,18.8,5.6,6.4,0.503,19.6
Andrew Harrison,5.1,0.467,10.9,1.8,0.331,5.4,6.7,21.3,1.0,1.8,-2.5,-1.5,4.1,9.7,113.0,6.9,0.422,16.4,4.7,0.78,6.1,46.0,56.0,1326.0,-0.9,0.9,2.0,106.0,12.7,5.3,20.3,1.4,1.4,3.1,14.0,5.0,5.7,0.534,19.6
Ben McLemore,4.7,0.477,9.9,2.5,0.346,7.4,2.4,7.5,0.7,1.3,-3.6,-1.4,4.9,11.4,112.0,7.3,0.421,17.3,2.5,0.828,3.0,17.0,56.0,1091.0,-2.1,1.6,3.5,99.0,9.7,6.4,19.6,1.8,1.8,2.8,13.2,6.4,7.4,0.526,19.0
James Ennis,3.7,0.565,6.6,1.4,0.357,4.0,2.4,7.0,0.6,1.1,-0.7,-0.4,5.0,11.7,113.0,5.2,0.486,10.7,3.1,0.877,3.5,14.0,45.0,1053.0,-0.3,2.5,5.7,118.0,11.9,3.9,14.9,1.5,1.5,1.8,13.0,7.5,8.6,0.61,12.5
Deyonta Davis,8.6,0.608,14.2,0.0,0.0,0.0,2.1,7.1,2.1,3.9,-0.9,0.4,9.4,22.0,110.0,8.6,0.608,14.2,2.0,0.667,3.1,6.0,62.0,943.0,-1.3,4.0,9.0,122.0,16.6,6.7,19.3,0.8,0.8,1.7,9.9,13.4,15.3,0.621,15.3
DeMar DeRozan,10.1,0.494,20.5,1.6,0.31,5.2,7.6,25.0,0.4,0.6,1.8,-0.9,4.7,10.4,109.0,11.7,0.456,25.7,8.4,0.825,10.2,80.0,80.0,2711.0,2.7,1.1,2.5,114.0,21.0,2.7,33.5,1.5,1.5,3.2,9.5,5.7,6.5,0.555,29.6
Kyle Lowry,3.2,0.474,6.8,4.7,0.399,11.7,10.5,30.9,0.4,0.6,5.9,0.5,7.2,16.1,107.0,7.9,0.427,18.5,4.4,0.854,5.1,78.0,78.0,2510.0,5.4,1.3,3.0,120.0,19.5,3.8,24.9,1.7,1.7,3.6,14.7,8.5,9.7,0.598,21.7
Serge Ibaka,6.4,0.559,11.5,2.5,0.36,7.0,1.5,4.4,2.3,3.8,-0.2,0.6,9.4,21.0,105.0,8.9,0.483,18.5,2.2,0.797,2.8,76.0,76.0,2093.0,-0.8,1.8,4.3,109.0,14.7,4.9,22.6,0.7,0.7,2.1,9.7,11.3,12.8,0.574,19.4
Jonas Valanciunas,10.3,0.587,17.5,0.9,0.405,2.1,2.3,7.5,2.0,3.2,1.5,0.8,13.6,30.3,103.0,11.1,0.568,19.6,4.9,0.806,6.0,77.0,77.0,1727.0,0.7,5.2,12.1,120.0,22.5,5.5,28.0,0.8,0.8,3.3,12.9,18.8,21.4,0.628,22.7
Pascal Siakam,6.6,0.612,10.7,0.9,0.22,3.9,4.7,13.5,1.2,2.0,2.1,2.2,8.4,18.6,105.0,7.4,0.508,14.6,1.6,0.621,2.6,5.0,81.0,1679.0,0.0,2.3,5.4,113.0,14.5,4.9,17.3,1.8,1.8,2.0,11.1,10.7,12.1,0.549,15.7
Jakob Poeltl,8.2,0.66,12.4,0.0,0.5,0.1,1.8,5.4,3.2,5.2,3.3,2.9,7.4,16.4,104.0,8.2,0.659,12.4,1.9,0.594,3.3,0.0,82.0,1524.0,0.4,5.3,12.4,122.0,17.5,6.9,18.3,1.3,1.3,2.7,16.6,12.7,14.4,0.662,14.8
Fred VanVleet,4.0,0.437,9.2,3.5,0.414,8.5,7.9,22.8,0.6,1.0,1.9,0.1,5.2,11.5,106.0,7.5,0.426,17.7,2.7,0.832,3.3,0.0,76.0,1520.0,1.9,0.8,1.9,115.0,15.9,4.2,21.3,2.2,2.2,2.4,11.2,6.0,6.8,0.556,19.1
OG Anunoby,3.0,0.604,5.0,2.4,0.371,6.6,1.8,5.0,0.5,0.8,0.6,0.4,4.7,10.4,108.0,5.4,0.471,11.5,1.3,0.629,2.1,62.0,74.0,1481.0,0.2,1.5,3.4,113.0,10.0,4.3,14.6,1.7,1.7,1.5,10.8,6.1,7.0,0.587,12.4
Delon Wright,5.0,0.52,9.6,1.9,0.366,5.3,6.9,19.6,1.1,1.8,2.8,1.6,5.3,11.7,105.0,6.9,0.465,14.9,3.3,0.829,4.0,4.0,69.0,1433.0,1.2,1.5,3.6,116.0,16.5,2.8,19.1,2.5,2.5,2.7,13.9,6.8,7.7,0.574,17.2
C.J. Miles,2.3,0.434,5.3,6.0,0.361,16.7,2.0,6.0,0.8,1.3,-0.5,-2.2,4.9,11.0,108.0,8.4,0.379,22.1,3.0,0.835,3.6,3.0,70.0,1337.0,1.7,0.7,1.5,109.0,13.0,4.9,25.8,1.4,1.4,1.4,5.7,5.6,6.4,0.545,22.3
Norman Powell,4.5,0.516,8.7,2.5,0.285,8.6,4.1,11.8,0.7,1.2,-2.8,-0.4,4.9,10.9,107.0,7.0,0.401,17.4,1.5,0.821,1.8,18.0,70.0,1062.0,-2.5,0.6,1.5,94.0,8.5,5.2,17.9,1.7,1.7,3.1,14.4,5.5,6.3,0.492,18.9
Jayson Tatum,6.0,0.492,12.2,2.2,0.434,5.0,2.6,8.3,1.2,2.0,1.0,1.5,7.2,15.6,103.0,8.1,0.475,17.1,4.4,0.826,5.3,80.0,80.0,2438.0,-0.5,1.0,2.3,111.0,15.3,3.5,22.8,1.7,1.7,2.3,10.7,8.2,9.0,0.586,19.5
Al Horford,5.9,0.514,11.6,2.1,0.429,5.0,7.4,23.6,1.7,2.9,4.0,2.9,9.4,20.2,103.0,8.1,0.489,16.5,2.1,0.783,2.6,72.0,72.0,2277.0,1.1,2.3,5.0,115.0,17.6,3.0,20.3,0.9,0.9,2.9,14.1,11.6,12.7,0.575,18.4
Jaylen Brown,5.9,0.507,11.5,2.8,0.395,7.1,2.6,8.5,0.6,1.0,-0.2,0.4,6.5,14.0,105.0,8.7,0.465,18.6,3.5,0.644,5.4,70.0,70.0,2152.0,-0.6,1.5,3.4,105.0,13.6,4.2,23.6,1.6,1.6,2.9,12.0,8.0,8.8,0.562,21.4
Terry Rozier,3.9,0.41,9.6,3.7,0.381,9.7,5.6,17.5,0.5,0.8,1.8,1.0,7.6,16.3,104.0,7.6,0.395,19.3,2.8,0.772,3.6,16.0,80.0,2068.0,0.8,1.5,3.4,109.0,15.1,3.0,21.7,1.9,1.9,1.9,8.5,9.1,9.9,0.52,20.4
Kyrie Irving,9.5,0.541,17.6,4.3,0.408,10.5,7.9,30.7,0.4,0.7,6.2,-0.7,5.0,10.8,106.0,13.8,0.491,28.1,6.0,0.889,6.8,60.0,60.0,1931.0,6.9,0.9,1.9,118.0,25.0,3.2,37.9,1.7,1.7,3.6,10.4,5.9,6.4,0.61,31.0
Marcus Smart,3.5,0.429,8.2,2.3,0.301,7.7,8.0,23.7,0.7,1.2,-0.5,1.1,4.5,9.8,104.0,5.9,0.367,15.9,3.0,0.729,4.1,11.0,54.0,1614.0,-1.6,1.3,3.0,97.0,10.8,4.1,17.0,2.2,2.2,4.0,18.4,5.9,6.4,0.479,19.4
Aron Baynes,7.0,0.487,14.3,0.1,0.143,0.7,3.1,9.6,1.7,2.9,-1.7,2.1,10.2,22.1,103.0,7.1,0.471,15.0,2.0,0.756,2.6,67.0,81.0,1485.0,-3.8,4.4,9.7,103.0,12.1,6.7,16.2,0.7,0.7,2.7,14.3,14.6,16.0,0.502,16.8
Marcus Morris,6.1,0.467,13.0,3.0,0.368,8.1,2.5,8.1,0.4,0.7,-1.7,-0.6,8.5,18.4,105.0,9.0,0.429,21.1,4.3,0.805,5.3,21.0,54.0,1447.0,-1.0,1.5,3.3,106.0,14.5,3.5,25.4,1.2,1.2,2.2,8.7,10.0,10.9,0.541,23.0
Semi Ojeleye,1.1,0.397,2.7,1.7,0.32,5.4,0.9,2.4,0.2,0.3,-3.5,0.1,5.4,11.6,107.0,2.8,0.346,8.2,1.1,0.61,1.8,0.0,73.0,1150.0,-3.6,1.6,3.6,97.0,4.6,4.0,8.5,0.9,0.9,1.1,10.8,7.0,7.7,0.473,9.0
Daniel Theis,5.8,0.617,9.3,1.0,0.31,3.1,3.0,9.1,2.6,4.3,2.6,3.4,9.8,21.2,100.0,6.7,0.541,12.4,3.3,0.753,4.3,3.0,63.0,936.0,-0.8,4.8,10.7,117.0,16.1,8.4,17.7,1.6,1.6,3.0,17.2,14.6,16.0,0.616,15.5
Shane Larkin,3.4,0.398,8.6,2.0,0.36,5.5,6.3,18.5,0.1,0.3,-2.1,0.2,5.0,10.7,106.0,5.4,0.384,14.1,2.1,0.865,2.4,2.0,54.0,775.0,-2.3,1.0,2.1,104.0,10.4,3.7,14.9,1.9,1.9,2.1,12.3,5.9,6.5,0.491,15.5
Abdel Nader,2.6,0.321,8.0,2.2,0.354,6.2,2.5,7.1,1.0,1.6,-5.6,0.3,5.6,12.0,105.0,4.8,0.336,14.3,2.2,0.59,3.7,1.0,48.0,522.0,-5.9,1.2,2.8,83.0,5.1,4.3,14.0,1.4,1.4,3.3,17.0,6.8,7.4,0.439,17.1
Ben Simmons,9.6,0.551,17.4,0.0,0.0,0.2,11.6,37.4,1.2,2.1,4.6,3.6,9.0,19.5,102.0,9.6,0.545,17.6,3.4,0.56,6.0,81.0,81.0,2732.0,1.0,2.6,5.9,111.0,20.0,3.7,22.5,2.5,2.5,4.9,19.5,11.6,13.0,0.557,22.3
Robert Covington,2.7,0.497,5.4,3.9,0.369,10.4,3.0,8.7,1.4,2.4,2.5,2.1,7.2,15.5,103.0,6.6,0.413,15.9,2.2,0.853,2.6,80.0,80.0,2532.0,0.4,1.0,2.4,107.0,12.9,4.5,19.2,2.6,2.6,2.4,12.3,8.2,9.2,0.563,17.2
Dario Saric,5.1,0.501,10.2,3.3,0.393,8.3,4.2,13.0,0.4,0.7,1.4,-0.2,7.6,16.4,107.0,8.4,0.453,18.5,3.7,0.86,4.3,73.0,78.0,2310.0,1.6,3.2,7.5,113.0,15.8,3.3,23.8,1.1,1.1,3.1,13.1,10.8,12.1,0.582,20.9
J.J. Redick,4.8,0.504,9.5,4.4,0.42,10.5,4.8,15.1,0.1,0.2,0.0,-2.6,3.8,8.3,110.0,9.2,0.46,20.0,4.5,0.904,5.0,70.0,70.0,2116.0,2.6,0.2,0.5,119.0,15.9,2.8,27.2,0.8,0.8,2.3,9.6,4.0,4.5,0.614,21.7
Joel Embiid,11.2,0.527,21.2,1.7,0.308,5.4,5.0,18.0,2.8,4.8,2.6,2.5,13.8,29.7,100.0,12.8,0.483,26.6,9.0,0.769,11.7,63.0,63.0,1912.0,0.1,3.6,8.4,106.0,22.9,5.3,36.3,1.0,1.0,5.9,15.6,17.4,19.4,0.573,33.4
T.J. McConnell,5.2,0.51,10.1,0.8,0.435,1.7,8.5,24.5,0.4,0.6,-0.7,1.1,5.3,11.5,105.0,5.9,0.499,11.9,0.9,0.795,1.1,1.0,76.0,1706.0,-1.8,1.0,2.4,109.0,12.5,3.4,13.5,2.6,2.6,3.2,20.4,6.4,7.1,0.545,13.8
Amir Johnson,5.3,0.57,9.4,0.4,0.313,1.3,4.8,13.9,1.8,3.1,2.9,3.1,8.5,18.3,103.0,5.8,0.538,10.7,2.1,0.612,3.5,18.0,74.0,1171.0,-0.2,5.1,11.8,121.0,14.8,7.9,14.0,1.8,1.8,2.3,15.6,13.6,15.2,0.575,12.8
Timothe Luwawu-Cabarrot,2.8,0.431,6.5,3.2,0.335,9.4,3.2,9.3,0.3,0.5,-4.7,-2.4,3.5,7.5,110.0,6.0,0.375,15.9,2.7,0.793,3.5,7.0,52.0,807.0,-2.3,0.8,1.9,101.0,7.0,5.8,17.8,0.7,0.7,2.3,11.5,4.3,4.8,0.511,17.5
Richaun Holmes,8.4,0.624,13.5,0.3,0.129,2.0,3.9,12.3,1.9,3.2,1.7,1.9,9.9,21.4,103.0,8.7,0.56,15.5,2.4,0.661,3.6,2.0,48.0,746.0,-0.2,3.7,8.6,121.0,17.4,6.3,20.1,1.3,1.3,1.6,8.6,13.6,15.2,0.585,16.6
Courtney Lee,4.9,0.482,10.2,2.4,0.406,6.0,3.9,11.3,0.4,0.6,0.0,-0.7,4.2,9.3,113.0,7.4,0.454,16.2,2.4,0.919,2.7,69.0,76.0,2310.0,0.8,0.6,1.4,112.0,13.0,2.3,19.6,1.7,1.7,1.8,9.4,4.8,5.4,0.564,16.9
Tim Hardaway,6.0,0.516,11.7,3.4,0.317,10.8,4.1,12.7,0.3,0.5,-0.1,-1.8,5.0,11.3,113.0,9.5,0.421,22.5,3.8,0.816,4.7,54.0,57.0,1885.0,1.7,0.8,1.9,106.0,14.4,3.2,26.2,1.6,1.6,2.4,9.0,5.9,6.6,0.533,23.8
Enes Kanter,11.4,0.594,19.3,0.0,0.0,0.1,2.8,9.4,1.0,1.7,2.5,0.1,13.7,30.6,108.0,11.4,0.592,19.3,4.2,0.848,5.0,71.0,71.0,1830.0,2.4,7.4,16.6,122.0,24.0,5.1,27.1,1.0,1.0,3.3,13.3,21.1,23.6,0.63,21.8
Frank Ntilikina,3.8,0.385,10.0,1.5,0.318,4.6,7.3,20.0,0.5,0.9,-3.9,-0.5,4.1,9.1,112.0,5.3,0.364,14.5,1.4,0.721,2.0,9.0,78.0,1706.0,-3.5,1.1,2.4,89.0,7.0,5.3,13.5,1.9,1.9,3.8,19.8,5.1,5.8,0.437,16.9
Michael Beasley,11.2,0.52,21.6,1.0,0.395,2.6,3.7,12.5,1.3,2.3,-1.5,-0.4,9.5,21.2,110.0,12.3,0.507,24.2,3.7,0.78,4.8,30.0,74.0,1653.0,-1.0,2.9,6.5,103.0,17.8,4.3,29.3,1.1,1.1,4.3,14.0,12.4,13.9,0.556,26.9
Kristaps Porzingis,9.6,0.454,21.1,2.9,0.395,7.3,1.8,6.2,3.7,6.4,-0.7,-0.2,8.1,18.1,108.0,12.4,0.439,28.4,7.0,0.793,8.8,48.0,48.0,1553.0,-0.5,2.0,4.4,105.0,20.4,4.5,34.7,1.1,1.1,3.0,8.4,10.1,11.3,0.539,31.0
Jarrett Jack,5.3,0.459,11.4,0.8,0.291,2.8,11.1,31.3,0.1,0.2,-3.5,-1.7,5.4,12.1,114.0,6.1,0.427,14.2,2.0,0.84,2.4,56.0,62.0,1548.0,-1.9,0.7,1.6,103.0,11.5,3.1,14.9,1.1,1.1,3.7,19.5,6.1,6.8,0.489,16.7
Kyle O'Quinn,7.9,0.599,13.1,0.1,0.235,0.6,5.6,16.8,3.5,6.1,4.5,4.3,12.5,27.8,105.0,8.0,0.583,13.7,3.5,0.772,4.5,10.0,77.0,1387.0,0.2,4.3,9.7,118.0,20.0,6.9,19.7,1.3,1.3,3.6,18.5,16.8,18.8,0.625,17.0
Lance Thomas,1.9,0.364,5.2,1.8,0.403,4.5,1.6,4.2,0.5,0.9,-2.6,-0.5,4.8,10.7,113.0,3.7,0.382,9.8,1.6,0.83,1.9,31.0,73.0,1353.0,-2.1,1.6,3.6,103.0,6.3,4.9,10.9,1.1,1.1,1.5,12.1,6.4,7.2,0.513,10.7
Doug McDermott,4.1,0.513,8.1,2.2,0.387,5.8,2.1,6.0,0.5,0.9,-2.5,-1.9,4.3,9.5,115.0,6.4,0.46,13.9,1.7,0.755,2.2,1.0,55.0,1172.0,-0.6,1.4,3.1,111.0,9.9,3.1,16.7,0.4,0.4,1.4,8.8,5.7,6.3,0.562,14.4
Spencer Dinwiddie,3.9,0.452,8.5,3.0,0.326,9.1,11.0,35.0,0.5,0.7,0.2,-1.8,4.6,10.2,112.0,6.8,0.387,17.6,4.6,0.813,5.6,58.0,80.0,2306.0,2.1,0.8,1.8,114.0,15.9,3.9,21.2,1.4,1.4,2.7,11.8,5.5,6.0,0.527,20.3
Allen Crabbe,3.0,0.461,6.5,4.4,0.378,11.8,2.6,8.4,0.8,1.2,-0.8,-1.2,6.5,14.4,112.0,7.4,0.407,18.3,2.5,0.852,3.0,68.0,75.0,2197.0,0.4,0.6,1.3,108.0,12.3,3.7,21.9,1.0,1.0,1.7,8.1,7.2,7.8,0.558,19.0
DeMarre Carroll,4.0,0.457,8.8,3.2,0.371,8.7,3.3,10.5,0.7,1.0,0.2,-0.3,8.3,18.4,110.0,7.2,0.414,17.5,4.2,0.764,5.5,73.0,73.0,2180.0,0.4,2.3,5.1,109.0,14.3,3.7,21.9,1.3,1.3,2.3,10.3,10.7,11.7,0.55,19.8
Joe Harris,3.8,0.589,6.5,3.7,0.419,8.8,3.1,10.2,0.5,0.8,0.1,-1.2,5.1,11.3,113.0,7.5,0.491,15.3,2.1,0.827,2.6,14.0,78.0,1975.0,1.3,1.3,2.7,116.0,13.3,3.8,20.8,0.9,0.9,2.2,12.0,6.4,7.0,0.634,16.6
Rondae Hollis-Jefferson,8.3,0.491,16.9,0.3,0.241,1.4,4.2,14.2,1.2,1.9,-0.4,1.1,9.1,20.0,109.0,8.6,0.472,18.3,6.3,0.788,8.0,59.0,68.0,1920.0,-1.5,2.6,5.5,108.0,16.9,3.7,23.9,1.6,1.6,3.1,12.3,11.6,12.7,0.548,22.2
Caris LeVert,6.1,0.48,12.8,2.2,0.347,6.4,7.8,26.0,0.6,0.9,-0.5,-0.2,5.4,11.9,110.0,8.3,0.435,19.1,3.5,0.711,4.9,10.0,71.0,1864.0,-0.3,1.4,3.0,103.0,14.3,4.1,22.3,2.1,2.1,4.0,15.8,6.8,7.4,0.525,22.5
Jarrett Allen,7.7,0.599,12.9,0.2,0.333,0.5,1.7,5.4,3.0,4.6,0.2,1.4,8.2,18.2,108.0,7.9,0.589,13.4,3.8,0.776,5.0,31.0,72.0,1441.0,-1.3,4.9,10.5,119.0,17.5,5.0,19.8,0.9,0.9,2.8,15.1,13.1,14.3,0.636,16.3
Quincy Acy,1.0,0.384,2.6,3.6,0.349,10.4,2.0,6.0,1.0,1.6,-2.2,-0.2,7.8,17.0,110.0,4.6,0.356,13.0,1.8,0.817,2.1,8.0,70.0,1359.0,-2.0,1.4,3.1,99.0,8.2,5.3,14.7,1.2,1.2,2.1,13.3,9.2,10.0,0.525,14.4
D'Angelo Russell,7.4,0.477,15.5,3.5,0.324,10.9,9.8,35.7,0.7,1.0,-0.4,-1.2,6.3,13.8,111.0,10.9,0.414,26.4,3.8,0.74,5.2,35.0,48.0,1234.0,0.8,1.2,2.6,98.0,15.2,3.7,29.2,1.4,1.4,5.8,16.8,7.4,8.1,0.509,30.8
Tyler Zeller,7.9,0.567,14.0,0.7,0.385,1.8,1.9,6.5,1.5,2.2,-2.5,-0.6,9.0,20.0,111.0,8.6,0.546,15.8,2.8,0.667,4.1,33.0,42.0,703.0,-1.9,4.4,9.4,113.0,15.3,5.4,20.7,0.6,0.6,2.4,12.1,13.4,14.7,0.587,17.9
LeBron James,11.5,0.603,19.0,2.4,0.367,6.6,12.1,44.4,1.1,2.0,9.6,2.0,9.9,22.3,109.0,13.9,0.542,25.6,6.3,0.731,8.6,82.0,82.0,3026.0,7.6,1.6,3.7,118.0,28.6,2.2,36.4,1.9,1.9,5.6,16.1,11.5,13.1,0.621,31.6
J.R. Smith,2.1,0.453,4.7,3.1,0.375,8.3,3.1,8.6,0.2,0.4,-1.7,-1.0,4.5,10.1,114.0,5.2,0.403,13.0,0.9,0.696,1.2,61.0,80.0,2244.0,-0.6,0.6,1.5,103.0,8.5,3.5,14.5,1.5,1.5,1.8,11.6,5.1,5.9,0.534,13.8
Jeff Green,6.5,0.54,12.0,1.4,0.312,4.6,2.7,8.0,0.9,1.6,-1.9,-1.7,5.0,11.2,114.0,7.9,0.477,16.6,5.4,0.868,6.3,13.0,78.0,1828.0,-0.2,1.6,3.7,115.0,14.8,4.0,22.7,1.1,1.1,2.0,9.4,6.6,7.6,0.587,19.3
Kevin Love,5.8,0.494,11.8,4.1,0.415,9.8,3.1,9.8,0.7,1.2,1.3,-1.5,13.2,29.8,109.0,9.9,0.458,21.6,6.9,0.88,7.9,59.0,59.0,1651.0,2.7,3.0,7.0,120.0,22.4,3.6,30.8,1.3,1.3,2.7,9.6,16.2,18.6,0.614,25.1
Kyle Korver,1.8,0.537,3.4,5.1,0.436,11.7,2.7,8.0,0.8,1.5,0.1,-2.0,4.9,10.9,114.0,6.9,0.459,15.1,2.0,0.889,2.2,4.0,73.0,1574.0,2.2,0.3,0.7,120.0,13.4,4.0,20.9,1.0,1.0,1.7,9.6,5.1,5.9,0.652,16.0
Jae Crowder,3.5,0.508,6.8,2.3,0.328,6.9,2.1,6.0,0.4,0.8,-1.8,-1.2,4.8,10.8,113.0,5.7,0.418,13.7,2.8,0.848,3.3,47.0,53.0,1346.0,-0.6,1.5,3.5,109.0,10.2,4.5,16.5,1.5,1.5,1.5,9.2,6.3,7.2,0.545,15.1
Tristan Thompson,6.0,0.562,10.7,0.0,0.0,0.0,1.5,4.3,0.8,1.3,-2.5,-0.9,10.3,23.3,112.0,6.0,0.562,10.7,2.0,0.544,3.6,22.0,53.0,1072.0,-1.6,5.8,13.4,120.0,13.6,4.7,14.0,0.7,0.7,1.6,11.8,16.1,18.4,0.569,12.6
Dwyane Wade,8.0,0.479,16.7,1.1,0.329,3.2,7.5,23.3,1.5,2.5,-1.4,0.3,6.5,14.7,110.0,9.1,0.455,19.9,4.3,0.701,6.1,3.0,46.0,1069.0,-1.6,1.8,4.2,102.0,15.9,3.8,23.5,1.9,1.9,4.2,15.7,8.3,9.5,0.519,24.3
Jose Calderon,2.6,0.545,4.7,2.4,0.464,5.2,6.3,17.4,0.1,0.2,-1.9,-2.0,3.8,8.5,115.0,5.0,0.503,9.9,1.3,0.8,1.6,32.0,57.0,914.0,0.1,0.8,1.7,122.0,11.3,4.3,13.7,1.4,1.4,2.2,17.1,4.5,5.2,0.643,11.6
Cedi Osman,4.2,0.586,7.2,2.3,0.368,6.3,3.0,8.7,0.2,0.4,-2.9,-1.5,7.4,16.6,112.0,6.6,0.484,13.6,1.9,0.565,3.4,12.0,61.0,672.0,-1.4,1.4,3.2,108.0,11.0,5.7,17.3,1.6,1.6,2.3,13.4,8.7,10.0,0.577,15.7
Channing Frye,4.9,0.684,7.1,2.7,0.333,8.1,2.5,7.5,1.1,1.9,-1.3,-0.8,9.0,20.3,110.0,7.6,0.497,15.2,1.3,0.933,1.3,1.0,44.0,545.0,-0.5,0.9,2.1,115.0,13.9,4.9,19.1,1.5,1.5,1.5,8.8,9.9,11.3,0.604,15.6
Thaddeus Young,7.0,0.531,13.1,1.1,0.32,3.5,2.9,8.5,0.7,1.2,1.5,1.4,6.3,14.1,107.0,8.1,0.487,16.6,1.1,0.598,1.8,81.0,81.0,2607.0,0.1,3.5,8.0,108.0,14.8,3.4,18.3,2.6,2.6,2.0,10.4,9.8,11.1,0.528,17.3
Victor Oladipo,9.4,0.528,17.8,3.2,0.371,8.5,6.3,21.2,1.1,2.0,4.9,1.3,6.7,15.1,104.0,12.5,0.477,26.3,5.8,0.799,7.2,75.0,75.0,2552.0,3.6,0.9,2.1,110.0,23.1,3.4,34.0,3.5,3.5,4.3,12.7,7.6,8.6,0.577,30.1
Bojan Bogdanovic,5.1,0.534,9.5,3.1,0.402,7.8,2.4,7.1,0.2,0.3,-0.7,-1.9,4.9,10.9,112.0,8.2,0.474,17.3,3.6,0.868,4.2,80.0,80.0,2464.0,1.1,0.6,1.4,114.0,13.9,2.6,23.1,1.1,1.1,2.1,10.1,5.5,6.2,0.605,19.0
Cory Joseph,4.3,0.457,9.4,1.5,0.353,4.3,5.9,16.1,0.4,0.7,-1.2,0.1,5.1,11.4,110.0,5.8,0.424,13.7,1.6,0.745,2.1,17.0,82.0,2210.0,-1.3,0.9,2.0,106.0,11.0,3.2,14.7,1.8,1.8,2.0,11.9,5.9,6.7,0.503,14.8
Darren Collison,5.4,0.508,10.7,2.4,0.468,5.1,9.1,26.4,0.4,0.7,2.2,-1.0,3.5,7.8,110.0,7.8,0.495,15.8,3.1,0.882,3.6,64.0,69.0,2018.0,3.1,0.9,2.1,126.0,18.8,3.0,21.2,2.3,2.3,2.1,10.9,4.4,5.0,0.61,17.4
Lance Stephenson,6.4,0.495,12.9,1.8,0.289,6.3,6.3,18.6,0.5,0.8,-2.1,-0.1,9.8,22.0,108.0,8.2,0.427,19.2,2.3,0.661,3.4,7.0,82.0,1850.0,-2.0,1.7,3.8,99.0,12.4,4.8,20.4,1.2,1.2,3.5,14.7,11.5,12.9,0.495,21.6
Myles Turner,6.8,0.519,13.1,1.5,0.357,4.3,2.4,7.0,3.2,5.7,0.7,1.8,8.8,19.8,106.0,8.3,0.479,17.4,4.4,0.777,5.6,62.0,65.0,1836.0,-1.1,2.5,5.8,110.0,16.6,5.1,22.5,1.0,1.0,2.6,11.6,11.4,12.8,0.567,20.0
Domantas Sabonis,9.0,0.524,17.2,0.4,0.351,1.0,4.2,12.7,0.9,1.6,-0.2,0.5,11.2,25.2,107.0,9.4,0.514,18.3,4.6,0.75,6.2,19.0,74.0,1810.0,-0.8,4.6,10.4,110.0,17.5,6.1,23.8,1.1,1.1,3.8,15.3,15.8,17.8,0.567,22.1
Joe Young,4.9,0.458,10.7,2.2,0.379,5.9,3.5,9.9,0.1,0.2,-4.7,-2.3,4.6,10.3,112.0,7.2,0.43,16.7,2.0,0.759,2.6,1.0,53.0,558.0,-2.4,1.1,2.4,102.0,10.1,3.5,18.5,1.3,1.3,2.3,11.6,5.6,6.4,0.521,18.0
Khris Middleton,7.5,0.517,14.5,2.4,0.359,6.8,5.5,17.7,0.4,0.6,0.4,-1.2,6.4,15.0,111.0,9.9,0.466,21.3,5.4,0.884,6.1,82.0,82.0,2982.0,1.6,0.8,1.8,111.0,17.4,4.5,27.6,2.0,2.0,3.2,11.8,7.2,8.4,0.577,24.6
Giannis Antetokounmpo,12.6,0.554,22.8,0.8,0.307,2.5,6.5,23.7,1.9,3.3,5.8,1.9,10.8,25.3,106.0,13.4,0.529,25.4,8.8,0.76,11.6,75.0,75.0,2756.0,3.9,2.8,6.7,116.0,27.3,4.2,36.4,2.0,2.0,4.0,11.7,13.6,16.0,0.598,31.2
Eric Bledsoe,7.4,0.55,13.4,2.7,0.349,7.7,8.0,26.0,0.9,1.5,2.4,-0.2,5.1,11.9,108.0,10.1,0.476,21.1,5.4,0.795,6.7,71.0,71.0,2239.0,2.6,1.1,2.5,109.0,20.0,4.0,28.2,3.2,3.2,4.6,16.0,6.2,7.2,0.585,26.0
Tony Snell,1.9,0.49,3.8,2.6,0.403,6.5,2.4,6.5,0.7,1.2,-1.8,-1.3,3.2,7.5,114.0,4.5,0.435,10.3,0.9,0.792,1.2,59.0,75.0,2053.0,-0.5,0.2,0.5,113.0,8.5,2.8,12.5,1.1,1.1,0.9,7.5,3.4,4.0,0.578,10.6
John Henson,7.2,0.578,12.5,0.0,0.143,0.2,2.9,8.6,2.8,4.7,0.4,1.8,9.2,21.5,108.0,7.3,0.572,12.7,2.3,0.57,4.0,69.0,76.0,1970.0,-1.4,3.8,9.0,115.0,15.7,5.1,16.8,1.1,1.1,2.1,12.8,13.0,15.3,0.582,15.0
Malcolm Brogdon,6.3,0.532,11.9,2.2,0.385,5.6,5.3,16.3,0.5,0.8,-1.3,-1.9,4.6,10.8,113.0,8.5,0.485,17.5,2.6,0.882,3.0,20.0,48.0,1436.0,0.6,0.8,1.9,112.0,14.3,4.4,21.7,1.4,1.4,2.3,10.9,5.4,6.4,0.578,19.1
Thon Maker,4.0,0.467,8.5,1.2,0.298,4.2,1.9,5.2,2.1,3.7,-2.7,0.0,6.0,14.2,110.0,5.2,0.411,12.7,2.6,0.699,3.7,12.0,74.0,1238.0,-2.7,3.0,7.1,103.0,10.2,6.5,14.3,1.5,1.5,1.8,11.0,9.1,10.6,0.499,14.6
Jason Terry,1.2,0.487,2.4,2.5,0.348,7.0,3.6,9.7,0.8,1.4,-2.1,-0.5,2.6,6.2,111.0,3.6,0.383,9.4,0.5,0.889,0.6,4.0,51.0,814.0,-1.6,0.3,0.7,103.0,8.1,3.2,10.2,2.6,2.6,1.5,13.7,2.9,3.5,0.525,10.1
Sterling Brown,3.2,0.439,7.3,2.1,0.352,5.8,1.6,4.5,0.8,1.4,-4.0,-1.0,7.5,17.5,110.0,5.3,0.4,13.2,1.3,0.875,1.5,4.0,54.0,776.0,-3.1,1.7,4.1,100.0,9.1,5.1,13.9,2.0,2.0,1.6,10.4,9.2,10.8,0.503,14.0
Andre Drummond,8.9,0.536,16.5,0.0,0.0,0.2,4.5,14.3,2.4,4.3,5.5,5.3,16.1,36.4,99.0,8.9,0.529,16.7,4.5,0.605,7.5,78.0,78.0,2625.0,0.2,7.6,16.4,113.0,22.9,4.8,22.3,2.2,2.2,3.8,15.9,23.7,26.2,0.555,21.2
Ish Smith,8.6,0.506,17.1,0.9,0.347,2.5,8.8,28.4,0.5,0.9,-1.2,-0.6,4.8,10.9,109.0,9.5,0.486,19.6,2.0,0.698,2.8,35.0,82.0,2043.0,-0.6,0.7,1.4,109.0,15.4,3.4,21.8,1.6,1.6,2.6,11.2,5.5,6.1,0.525,20.8
Stanley Johnson,3.8,0.439,8.6,1.8,0.286,6.2,2.9,8.5,0.4,0.7,-1.5,1.1,5.8,13.0,107.0,5.5,0.375,14.7,2.9,0.772,3.8,50.0,69.0,1894.0,-2.6,0.9,1.9,97.0,9.0,4.5,15.8,2.5,2.5,2.0,11.0,6.6,7.3,0.48,16.4
Anthony Tolliver,1.7,0.561,3.0,4.5,0.436,10.4,2.6,7.5,0.6,1.1,1.5,-0.8,5.4,12.3,110.0,6.2,0.464,13.4,3.0,0.797,3.8,14.0,79.0,1757.0,2.3,1.4,3.1,126.0,13.9,4.1,20.0,0.9,0.9,1.6,9.9,6.8,7.6,0.663,14.8
Reggie Bullock,4.1,0.536,7.6,3.6,0.445,8.1,2.7,8.4,0.4,0.7,0.7,-0.7,3.7,8.3,110.0,7.7,0.489,15.7,1.1,0.796,1.4,52.0,62.0,1732.0,1.3,0.8,1.7,118.0,13.6,2.0,20.1,1.4,1.4,1.4,7.6,4.4,4.9,0.615,15.7
Tobias Harris,6.6,0.478,13.8,3.6,0.409,8.8,3.0,9.9,0.5,0.9,0.2,-1.2,6.6,15.0,109.0,10.2,0.451,22.6,3.7,0.846,4.3,48.0,48.0,1563.0,1.4,1.1,2.5,113.0,16.7,2.9,27.7,1.1,1.1,1.6,6.2,7.8,8.6,0.564,23.2
Luke Kennard,4.3,0.463,9.2,2.8,0.415,6.6,4.2,12.7,0.4,0.8,-1.5,-0.4,5.3,11.9,109.0,7.0,0.443,15.9,2.2,0.855,2.6,9.0,73.0,1463.0,-1.1,0.7,1.6,108.0,12.1,2.9,19.0,1.5,1.5,2.4,12.2,6.0,6.6,0.56,17.2
Reggie Jackson,8.1,0.475,16.9,2.2,0.308,7.0,9.9,32.8,0.2,0.3,-1.5,-2.3,4.0,9.0,111.0,10.2,0.426,24.0,4.7,0.836,5.6,45.0,45.0,1201.0,0.8,1.2,2.6,105.0,15.9,3.6,27.2,1.1,1.1,4.1,13.5,5.2,5.7,0.516,27.1
Langston Galloway,2.9,0.418,7.1,4.3,0.344,12.6,3.4,10.1,0.3,0.5,-1.7,-1.6,4.6,10.3,109.0,7.3,0.371,19.7,1.9,0.805,2.4,2.0,58.0,863.0,-0.2,0.8,1.6,106.0,12.2,2.3,20.8,2.0,2.0,1.0,4.8,5.3,5.9,0.503,19.3
Eric Moreland,4.1,0.541,7.6,0.0,0.0,0.0,4.8,13.3,3.2,5.6,2.6,5.8,12.2,27.6,101.0,4.1,0.541,7.6,0.7,0.379,1.8,3.0,67.0,805.0,-3.1,5.0,10.9,111.0,13.9,7.2,8.9,1.9,1.9,2.6,23.8,17.2,19.1,0.531,9.7
Justin Holiday,2.8,0.387,7.2,3.5,0.359,9.7,3.3,10.1,0.7,1.2,-1.3,-0.3,5.6,12.8,111.0,6.2,0.371,16.9,2.9,0.823,3.5,72.0,72.0,2265.0,-1.0,0.7,1.4,100.0,10.8,2.9,18.9,1.7,1.7,2.0,9.8,6.3,6.9,0.513,18.2
Denzel Valentine,3.7,0.45,8.2,3.3,0.386,8.6,5.7,17.8,0.3,0.5,-0.5,-0.1,8.0,18.3,111.0,7.0,0.417,16.8,0.9,0.745,1.2,37.0,77.0,2095.0,-0.4,1.1,2.4,104.0,12.1,4.3,18.2,1.5,1.5,2.3,11.8,9.2,10.1,0.527,17.5
Lauri Markkanen,5.5,0.497,11.1,3.5,0.362,9.7,1.9,6.4,1.0,1.8,-1.9,-1.3,10.4,23.7,110.0,9.0,0.434,20.8,3.4,0.843,4.0,68.0,68.0,2020.0,-0.6,1.9,4.0,107.0,15.6,2.5,25.0,0.9,0.9,2.0,8.2,12.3,13.5,0.552,21.9
Robin Lopez,9.8,0.536,18.2,0.1,0.286,0.4,3.6,12.3,1.5,2.8,-1.9,-0.3,4.5,10.3,114.0,9.9,0.53,18.6,2.0,0.756,2.6,64.0,64.0,1690.0,-1.7,3.9,8.2,106.0,14.7,3.1,21.8,0.4,0.4,3.1,13.5,8.4,9.2,0.552,20.4
Jerian Grant,4.3,0.468,9.1,1.8,0.326,5.4,9.9,30.1,0.2,0.4,-2.0,-1.8,4.1,9.3,112.0,6.1,0.416,14.6,4.1,0.745,5.4,26.0,74.0,1686.0,-0.1,0.9,1.9,112.0,14.3,3.8,17.9,1.8,1.8,2.6,13.2,5.0,5.5,0.528,17.4
David Nwaba,5.5,0.496,11.0,0.5,0.346,1.5,3.1,9.4,0.9,1.6,-1.6,0.9,7.0,16.0,110.0,6.0,0.478,12.5,3.9,0.655,6.0,21.0,70.0,1646.0,-2.5,2.6,5.6,107.0,12.2,4.7,16.5,1.7,1.7,2.3,13.1,9.7,10.6,0.542,15.6
Bobby Portis,9.0,0.514,17.5,2.4,0.359,6.6,3.7,13.2,0.7,1.3,0.3,-0.6,10.1,23.0,110.0,11.3,0.471,24.1,3.6,0.769,4.6,4.0,73.0,1643.0,1.0,4.7,10.0,108.0,19.7,3.9,28.6,1.5,1.5,3.1,10.5,14.8,16.2,0.548,26.0
Kris Dunn,7.8,0.457,17.0,1.4,0.321,4.3,9.9,33.3,0.9,1.6,-0.1,1.4,6.3,14.4,107.0,9.2,0.429,21.3,2.7,0.737,3.6,43.0,52.0,1525.0,-1.4,0.8,1.6,96.0,14.5,5.6,22.4,3.3,3.3,4.8,17.3,7.1,7.8,0.488,24.7
Cristiano Felicio,6.3,0.596,10.6,0.0,0.0,0.1,2.7,8.4,0.5,1.0,-2.4,-0.1,7.5,17.1,113.0,6.3,0.591,10.7,2.7,0.667,4.0,16.0,55.0,977.0,-2.3,4.1,8.8,114.0,12.5,5.2,15.4,0.8,0.8,2.7,17.7,11.6,12.8,0.614,13.6
Paul Zipser,2.6,0.355,7.3,2.2,0.336,6.5,2.7,8.0,0.9,1.6,-5.9,-0.3,7.0,16.0,112.0,4.8,0.346,13.9,1.1,0.76,1.5,12.0,54.0,824.0,-5.5,0.8,1.6,84.0,5.2,5.1,12.9,1.2,1.2,2.5,14.9,7.8,8.5,0.445,15.2
Josh Richardson,5.1,0.495,10.3,2.4,0.378,6.3,4.3,13.2,1.4,2.4,1.4,1.5,4.0,9.0,106.0,7.4,0.451,16.5,2.2,0.845,2.7,81.0,81.0,2689.0,-0.1,1.3,2.9,106.0,13.6,3.7,19.5,2.3,2.3,2.6,12.9,5.3,6.0,0.551,18.2
Goran Dragic,7.9,0.481,16.4,2.3,0.37,6.3,7.6,25.4,0.3,0.4,-0.1,-1.1,5.3,12.0,109.0,10.2,0.45,22.7,4.6,0.801,5.7,75.0,75.0,2378.0,1.0,1.1,2.5,108.0,16.6,3.8,27.4,1.3,1.3,3.5,12.2,6.5,7.2,0.543,25.7
Tyler Johnson,4.6,0.491,9.5,2.9,0.367,7.9,4.0,12.4,0.8,1.4,-0.2,-0.1,5.2,11.7,108.0,7.6,0.435,17.4,2.6,0.822,3.2,39.0,72.0,2052.0,-0.1,0.8,1.9,109.0,13.0,3.6,20.6,1.5,1.5,2.0,9.5,6.1,6.8,0.549,18.6
Wayne Ellington,1.4,0.479,3.0,5.6,0.392,14.2,1.9,5.9,0.2,0.3,0.0,-1.8,4.8,10.7,110.0,7.0,0.407,17.2,1.6,0.859,1.9,2.0,77.0,2041.0,1.8,0.6,1.3,113.0,12.5,2.3,21.3,1.3,1.3,1.3,6.6,5.4,6.0,0.588,17.3
James Johnson,6.5,0.587,11.1,1.5,0.308,4.8,7.2,22.5,1.3,2.2,1.7,1.7,7.7,17.2,105.0,8.0,0.503,15.9,2.9,0.698,4.2,41.0,73.0,1943.0,-0.1,1.6,3.5,109.0,15.8,5.0,20.4,1.8,1.8,3.6,17.2,9.3,10.3,0.575,19.1
Kelly Olynyk,5.9,0.59,10.0,3.0,0.379,7.9,5.8,18.7,1.0,1.7,2.9,1.3,9.7,21.6,105.0,8.9,0.497,17.9,3.8,0.77,4.9,22.0,76.0,1779.0,1.6,2.5,5.6,112.0,17.8,6.3,24.6,1.7,1.7,4.1,17.1,12.2,13.6,0.612,21.7
Justise Winslow,4.7,0.44,10.7,1.5,0.38,3.9,4.4,13.0,1.0,1.7,-1.0,1.7,9.1,20.4,105.0,6.2,0.424,14.6,2.0,0.635,3.1,25.0,68.0,1680.0,-2.7,1.9,4.3,101.0,11.5,4.2,15.8,1.6,1.6,2.3,12.6,11.1,12.3,0.496,16.3
Bam Adebayo,6.4,0.523,12.2,0.0,0.0,0.3,3.7,11.0,1.5,2.5,0.2,1.8,9.7,21.6,105.0,6.4,0.512,12.5,4.7,0.721,6.6,19.0,69.0,1368.0,-1.6,4.3,9.7,116.0,15.7,5.1,17.5,1.2,1.2,2.4,13.6,14.0,15.6,0.57,15.9
Hassan Whiteside,11.4,0.538,21.2,0.1,1.0,0.1,2.0,6.9,3.5,5.9,0.2,2.3,16.3,36.6,99.0,11.5,0.54,21.3,4.7,0.703,6.7,54.0,54.0,1364.0,-2.1,6.4,14.3,111.0,24.1,4.8,27.8,1.4,1.4,3.4,12.3,22.7,25.4,0.573,24.7
Bradley Beal,8.1,0.507,15.9,3.3,0.375,8.8,6.2,21.0,0.6,1.1,1.7,-1.0,5.0,11.5,110.0,11.4,0.46,24.8,4.9,0.791,6.2,82.0,82.0,2977.0,2.7,1.0,2.3,109.0,18.4,2.7,31.0,1.6,1.6,3.6,11.5,6.1,6.9,0.564,27.6
Otto Porter,6.3,0.537,11.7,2.8,0.441,6.4,3.2,10.1,0.8,1.5,3.6,1.2,7.9,18.1,107.0,9.1,0.503,18.1,2.2,0.828,2.6,77.0,77.0,2432.0,2.4,2.1,4.8,120.0,18.3,3.1,23.2,2.4,2.4,1.5,7.4,10.0,11.4,0.602,18.4
Kelly Oubre,4.3,0.456,9.4,2.8,0.341,8.2,2.2,6.4,0.8,1.4,-1.2,-0.4,6.8,15.4,109.0,7.1,0.403,17.6,4.3,0.82,5.2,11.0,81.0,2231.0,-0.8,1.3,3.0,106.0,11.9,5.2,21.2,1.8,1.8,2.0,9.2,8.1,9.2,0.534,19.4
Marcin Gortat,6.9,0.518,13.4,0.0,0.0,0.0,3.6,10.6,1.5,2.6,0.3,1.9,10.6,24.0,107.0,6.9,0.518,13.4,2.6,0.675,3.9,82.0,82.0,2075.0,-1.6,4.3,9.9,112.0,14.7,4.2,16.5,1.0,1.0,2.4,13.5,14.9,17.0,0.546,15.5
Markieff Morris,6.4,0.529,12.1,1.9,0.367,5.2,3.6,11.0,1.0,1.7,-0.5,0.5,8.4,19.2,108.0,8.3,0.48,17.3,2.6,0.82,3.2,73.0,73.0,1968.0,-1.0,1.9,4.3,105.0,13.2,5.5,21.2,1.4,1.4,3.2,14.6,10.3,11.8,0.566,19.5
Tomas Satoransky,4.7,0.544,8.6,1.4,0.465,3.1,8.6,24.8,0.5,0.8,1.1,-0.2,4.9,11.1,111.0,6.1,0.523,11.6,2.3,0.781,2.9,30.0,73.0,1643.0,1.3,2.2,5.0,124.0,15.4,4.0,15.8,1.6,1.6,2.5,16.3,7.0,8.0,0.615,13.7
John Wall,7.7,0.436,17.6,2.2,0.371,5.9,13.8,44.5,1.6,2.8,1.5,0.0,4.5,10.2,108.0,9.9,0.42,23.5,6.2,0.726,8.5,41.0,41.0,1410.0,1.6,0.8,1.8,105.0,19.1,2.8,28.1,2.0,2.0,5.6,17.0,5.3,6.0,0.515,29.1
Mike Scott,7.4,0.582,12.8,2.3,0.405,5.8,2.8,9.1,0.4,0.6,-2.3,-1.8,7.0,15.8,111.0,9.7,0.527,18.5,1.8,0.658,2.7,1.0,76.0,1406.0,-0.5,1.8,4.0,109.0,13.7,5.2,23.6,0.8,0.8,2.8,12.4,8.7,9.9,0.599,20.0
Ian Mahinmi,6.0,0.561,10.7,0.0,0.0,0.1,2.3,6.6,1.8,3.2,-0.7,1.6,7.7,17.4,107.0,6.0,0.556,10.8,3.9,0.703,5.6,0.0,77.0,1145.0,-2.3,5.9,13.4,107.0,12.2,10.0,15.9,1.6,1.6,4.3,24.7,13.5,15.4,0.601,15.6
Jodie Meeks,3.8,0.464,8.1,3.2,0.343,9.3,3.1,9.1,0.2,0.3,-2.8,-2.5,4.9,11.2,112.0,7.0,0.399,17.4,4.5,0.863,5.2,0.0,77.0,1119.0,-0.4,0.7,1.5,111.0,12.4,2.4,21.6,1.3,1.3,1.6,7.7,5.6,6.4,0.548,19.0
Tim Frazier,3.0,0.44,6.9,1.0,0.304,3.3,11.5,31.1,0.4,0.7,-2.1,0.3,5.7,13.1,107.0,4.0,0.395,10.2,1.4,0.767,1.8,11.0,59.0,838.0,-2.4,1.1,2.4,105.0,11.3,5.7,10.4,2.8,2.8,3.4,23.5,6.8,7.8,0.475,12.8
Kemba Walker,6.4,0.469,13.6,4.1,0.384,10.7,7.9,27.4,0.4,0.7,3.2,-1.9,3.9,8.7,111.0,10.5,0.431,24.3,6.5,0.864,7.5,80.0,80.0,2736.0,5.1,0.6,1.2,115.0,20.6,1.7,31.5,1.6,1.6,3.2,10.4,4.4,4.9,0.572,27.4
Dwight Howard,10.0,0.559,17.9,0.0,0.143,0.1,2.1,7.1,2.6,4.4,-0.3,1.7,15.0,33.8,104.0,10.0,0.555,18.0,6.6,0.574,11.5,81.0,81.0,2463.0,-2.0,5.0,11.0,108.0,20.5,4.9,26.7,1.0,1.0,4.1,15.1,20.0,22.2,0.577,24.2
Marvin Williams,3.2,0.512,6.3,3.1,0.413,7.4,2.3,7.0,0.9,1.6,1.7,0.5,7.2,16.2,109.0,6.3,0.458,13.7,2.5,0.829,3.0,78.0,78.0,2006.0,1.1,1.8,3.9,118.0,13.9,2.8,18.1,1.4,1.4,1.6,9.7,9.0,10.0,0.603,14.8
Nicolas Batum,4.4,0.473,9.3,2.3,0.336,6.7,8.6,26.2,0.6,1.0,1.4,0.5,6.1,13.8,110.0,6.6,0.415,16.0,2.7,0.831,3.2,64.0,64.0,1981.0,0.9,1.4,3.1,107.0,14.4,1.8,18.2,1.6,1.6,3.2,15.6,7.5,8.4,0.523,18.3
Jeremy Lamb,7.1,0.495,14.3,2.3,0.37,6.3,4.6,15.4,0.8,1.4,0.9,-0.2,6.8,15.4,109.0,9.4,0.457,20.6,4.4,0.861,5.2,18.0,80.0,1967.0,1.2,1.2,2.7,112.0,17.0,3.4,25.6,1.5,1.5,2.3,9.1,8.0,8.9,0.559,22.4
Michael Kidd-Gilchrist,7.4,0.505,14.7,0.0,0.0,0.1,1.9,5.9,0.8,1.4,-1.8,0.3,5.7,13.0,110.0,7.4,0.504,14.8,3.1,0.684,4.5,74.0,74.0,1850.0,-2.0,2.2,4.8,109.0,12.5,3.8,18.0,1.3,1.3,1.4,7.8,8.0,8.8,0.536,16.2
Frank Kaminsky,5.4,0.459,11.7,2.8,0.38,7.3,3.4,11.0,0.5,0.9,-0.9,-1.2,6.4,14.5,111.0,8.2,0.429,19.0,4.1,0.799,5.2,4.0,79.0,1835.0,0.3,1.2,2.7,110.0,14.4,2.5,23.2,1.0,1.0,1.8,7.6,7.7,8.5,0.545,20.5
Treveon Graham,2.6,0.452,5.8,1.9,0.412,4.5,2.7,7.8,0.1,0.2,-0.9,-0.3,3.7,8.3,112.0,4.5,0.434,10.3,1.9,0.695,2.7,2.0,63.0,1050.0,-0.6,2.0,4.3,114.0,9.0,5.1,12.7,1.5,1.5,1.3,9.9,5.6,6.2,0.553,11.3
Malik Monk,4.0,0.385,10.4,4.7,0.342,13.9,5.2,16.9,0.5,0.9,-4.4,-3.4,3.3,7.5,112.0,8.7,0.36,24.3,1.8,0.842,2.2,0.0,63.0,854.0,-1.0,0.5,1.0,96.0,10.3,3.4,24.0,1.1,1.1,2.8,9.8,3.8,4.2,0.477,24.9
Michael Carter-Williams,3.6,0.365,9.9,0.8,0.237,3.4,6.8,19.4,1.3,2.3,-0.6,2.0,5.9,13.3,107.0,4.4,0.332,13.4,4.3,0.82,5.2,2.0,52.0,835.0,-2.6,2.2,4.7,98.0,10.8,5.8,14.0,2.6,2.6,3.0,16.2,8.1,8.9,0.446,16.6
Dwayne Bacon,4.2,0.409,10.2,0.8,0.256,2.9,2.6,7.5,0.1,0.2,-5.7,-0.3,8.2,18.5,111.0,4.9,0.375,13.1,1.4,0.8,1.7,6.0,53.0,713.0,-5.4,0.3,0.6,88.0,5.8,3.1,12.0,1.1,1.1,1.6,10.2,8.5,9.4,0.431,13.7
Jonathon Simmons,6.9,0.512,13.4,1.7,0.338,4.9,4.1,13.3,0.4,0.6,-2.3,-1.3,4.3,9.7,113.0,8.5,0.465,18.4,4.5,0.768,5.8,50.0,69.0,2029.0,-1.0,1.5,3.3,103.0,12.7,4.2,23.2,1.4,1.4,3.5,14.4,5.8,6.5,0.555,22.0
Aaron Gordon,6.7,0.497,13.4,2.9,0.336,8.8,3.5,11.7,1.2,1.9,0.0,0.0,9.5,21.5,109.0,9.6,0.434,22.2,4.0,0.698,5.8,57.0,58.0,1909.0,0.0,2.2,5.0,103.0,16.5,2.8,26.2,1.5,1.5,2.7,10.0,11.7,13.2,0.53,24.7
Evan Fournier,6.4,0.516,12.4,3.4,0.379,8.9,4.4,14.8,0.4,0.7,-0.4,-2.1,4.2,9.5,113.0,9.8,0.459,21.4,4.0,0.867,4.6,57.0,57.0,1837.0,1.6,0.6,1.4,110.0,15.5,3.7,27.0,1.3,1.3,2.5,9.8,4.8,5.4,0.577,23.3
D.J. Augustin,3.6,0.485,7.5,3.2,0.419,7.6,8.0,24.4,0.0,0.0,-0.9,-2.5,3.6,8.2,113.0,6.8,0.452,15.0,4.6,0.868,5.3,36.0,75.0,1760.0,1.5,0.8,1.9,116.0,15.4,2.6,21.3,1.5,1.5,3.4,16.5,4.5,5.0,0.615,18.6
Nikola Vucevic,9.7,0.527,18.5,1.9,0.314,5.9,5.6,19.9,1.8,3.0,2.7,2.1,12.3,27.8,106.0,11.6,0.475,24.4,2.2,0.819,2.7,57.0,57.0,1683.0,0.6,2.9,6.6,105.0,19.7,4.2,27.3,1.6,1.6,3.2,11.0,15.2,17.1,0.533,25.9
Mario Hezonja,5.4,0.523,10.3,2.7,0.337,7.9,3.1,10.0,0.9,1.5,-0.8,0.2,7.1,16.1,108.0,8.1,0.442,18.2,2.5,0.819,3.1,30.0,75.0,1657.0,-1.0,1.2,2.7,103.0,13.7,4.0,21.3,2.4,2.4,2.5,11.5,8.3,9.3,0.544,19.9
Bismack Biyombo,6.0,0.521,11.5,0.0,0.0,0.0,2.2,6.5,3.1,5.1,-1.6,2.1,10.6,24.0,107.0,6.0,0.52,11.5,3.3,0.65,5.1,25.0,82.0,1495.0,-3.7,4.7,10.5,108.0,14.1,5.2,15.3,0.7,0.7,2.8,16.6,15.3,17.2,0.556,14.9
Shelvin Mack,4.7,0.473,9.9,1.7,0.345,5.0,9.8,29.5,0.3,0.5,-2.4,-1.2,5.1,11.6,111.0,6.4,0.43,14.8,2.5,0.711,3.5,3.0,69.0,1365.0,-1.2,0.8,1.8,106.0,13.3,3.3,17.0,1.9,1.9,3.2,16.3,6.0,6.7,0.518,17.6
Elfrid Payton,8.3,0.545,15.2,1.0,0.373,2.6,10.7,35.5,0.6,1.0,1.1,0.1,4.9,11.2,110.0,9.3,0.52,17.8,2.8,0.632,4.4,44.0,44.0,1257.0,1.0,1.8,4.1,109.0,18.1,3.8,22.3,2.5,2.5,4.4,18.3,6.8,7.6,0.564,21.8
Wesley Iwundu,4.0,0.488,8.3,0.4,0.196,2.2,2.7,7.8,0.6,0.9,-3.5,0.2,4.8,11.0,112.0,4.5,0.427,10.5,1.6,0.723,2.3,12.0,62.0,1020.0,-3.7,1.7,3.9,100.0,7.8,3.9,11.0,1.6,1.6,1.4,11.2,6.6,7.4,0.48,11.6
Arron Afflalo,2.7,0.413,6.6,1.9,0.386,5.0,2.2,6.2,0.6,1.1,-5.8,-1.8,4.5,10.1,115.0,4.7,0.401,11.6,1.6,0.846,1.9,3.0,53.0,682.0,-4.1,0.3,0.6,98.0,5.8,4.0,12.8,0.3,0.3,1.5,10.8,4.7,5.3,0.516,12.5
Marreese Speights,3.8,0.448,8.4,6.2,0.369,16.9,2.9,9.8,1.6,2.6,-2.8,-2.9,8.1,18.4,111.0,10.0,0.395,25.3,2.9,0.727,4.0,3.0,52.0,675.0,0.2,1.5,3.4,101.0,13.7,7.7,29.2,0.6,0.6,2.9,9.7,9.6,10.8,0.539,26.9
Khem Birch,5.8,0.54,10.7,0.0,0.0,0.0,2.9,8.5,1.8,2.9,0.3,1.4,9.3,21.1,108.0,5.8,0.54,10.7,3.6,0.689,5.2,0.0,42.0,578.0,-1.1,5.9,13.2,123.0,16.4,4.7,15.1,1.3,1.3,1.8,12.1,15.2,17.1,0.582,13.2
Taurean Waller-Prince,4.7,0.461,10.3,3.5,0.385,9.1,4.2,13.9,0.8,1.5,-0.7,0.0,6.7,15.3,111.0,8.2,0.426,19.3,3.0,0.844,3.6,82.0,82.0,2464.0,-0.7,1.0,2.3,100.0,12.8,3.3,23.0,1.7,1.7,3.8,15.3,7.7,8.8,0.549,22.1
Dennis Schroder,10.0,0.48,20.8,1.8,0.29,6.2,9.8,36.2,0.1,0.2,-0.7,-2.2,3.9,8.8,113.0,11.8,0.436,26.9,5.3,0.849,6.2,67.0,67.0,2078.0,1.5,1.0,2.4,104.0,17.3,3.5,30.6,1.7,1.7,4.3,12.7,4.9,5.6,0.515,30.4
Kent Bazemore,4.8,0.438,11.0,2.9,0.394,7.5,6.2,20.1,1.2,2.2,0.4,1.1,6.1,13.9,108.0,7.8,0.42,18.5,4.4,0.796,5.5,65.0,65.0,1789.0,-0.6,0.7,1.6,101.0,14.5,4.0,22.8,2.7,2.7,4.3,17.0,6.8,7.7,0.547,22.5
John Collins,8.2,0.598,13.6,0.4,0.34,1.3,2.7,8.9,2.2,3.8,1.7,1.9,10.0,22.8,108.0,8.6,0.576,14.9,3.6,0.715,5.1,26.0,74.0,1785.0,-0.2,4.8,11.0,117.0,18.3,5.9,21.3,1.3,1.3,2.9,14.3,14.8,16.9,0.62,17.9
Dewayne Dedmon,6.3,0.595,10.6,1.6,0.355,4.5,2.9,9.2,1.6,2.8,0.5,1.6,12.3,28.1,107.0,7.9,0.524,15.1,2.1,0.779,2.7,46.0,62.0,1542.0,-1.0,3.2,7.2,111.0,15.8,5.1,19.5,1.3,1.3,2.7,14.3,15.5,17.7,0.599,17.0
Marco Belinelli,4.3,0.45,9.6,3.7,0.372,10.0,4.2,13.5,0.1,0.2,-1.7,-2.3,3.5,7.9,113.0,8.0,0.41,19.6,4.1,0.927,4.4,1.0,52.0,1210.0,0.6,0.6,1.2,109.0,14.1,1.7,23.9,1.9,1.9,2.2,9.2,4.0,4.6,0.554,21.2
Ersan Ilyasova,5.1,0.532,9.6,2.5,0.359,7.1,2.1,6.8,0.7,1.2,0.0,-0.3,7.4,16.8,110.0,7.6,0.459,16.7,3.0,0.8,3.7,40.0,46.0,1175.0,0.4,3.1,7.0,113.0,15.1,3.8,20.8,1.8,1.8,1.8,8.9,10.4,11.9,0.569,18.0
Isaiah Taylor,6.0,0.461,13.0,0.8,0.25,3.3,8.6,27.0,0.4,0.7,-5.4,-2.5,3.0,6.9,114.0,6.8,0.418,16.3,4.1,0.702,5.9,9.0,67.0,1167.0,-2.9,0.9,2.1,101.0,10.9,4.9,18.6,1.4,1.4,3.5,15.7,3.9,4.5,0.492,20.1
Mike Muscala,3.7,0.559,6.7,2.9,0.371,7.7,2.3,7.3,1.2,2.2,0.2,0.2,8.0,18.3,110.0,6.6,0.458,14.4,2.6,0.919,2.9,7.0,53.0,1060.0,0.0,2.6,5.9,115.0,14.4,3.7,18.7,1.4,1.4,1.9,11.0,10.6,12.1,0.597,15.7
Malcolm Delaney,3.0,0.391,7.8,2.2,0.371,6.0,7.9,23.4,0.3,0.5,-3.6,-1.5,4.4,10.0,113.0,5.3,0.382,13.7,3.6,0.804,4.4,3.0,54.0,1014.0,-2.0,0.4,1.0,104.0,10.6,3.9,16.3,1.7,1.7,3.2,16.9,4.8,5.5,0.519,16.9
Tyler Dorsey,3.6,0.393,9.2,3.6,0.362,10.0,4.0,12.5,0.3,0.4,-4.2,-2.5,5.7,12.9,114.0,7.2,0.377,19.2,2.3,0.714,3.2,5.0,56.0,974.0,-1.8,0.9,2.0,100.0,10.0,3.2,20.3,0.9,0.9,1.9,8.3,6.5,7.4,0.494,20.0
Miles Plumlee,5.6,0.583,9.6,0.0,0.0,0.0,2.4,7.2,1.6,2.8,-2.5,1.3,8.0,18.3,111.0,5.6,0.583,9.6,1.4,0.45,3.2,35.0,55.0,918.0,-3.8,4.1,9.4,102.0,10.6,4.2,12.6,0.9,0.9,3.4,23.4,12.1,13.9,0.574,12.8
