Name,2P,2P%,2PA,3P,3P%,3PA,AST,AST%,Age,BLK,BLK%,BPM,DBPM,DRB,DRB%,DRtg,FG,FG%,FGA,FT,FT%,FTA,G,GS,MP,OBPM,ORB,ORB%,ORtg,PER,PF,PTS,Pos,STL,STL%,TOV,TOV%,TRB,TRB%,TS%,Tm,USG%,VORP,c_cluster
Steven Adams,8.9,0.631,14.2,0.0,0.0,0.0,1.8,5.5,24,1.6,2.8,3.3,1.1,6.0,13.9,107,8.9,0.629,14.2,3.2,0.5589999999999999,5.7,76,76,2487.0,2.2,7.7,16.6,125,20.6,4.3,21.1,C,1.8,1.8,2.6,13.2,13.7,15.3,0.63,OKC,16.7,3.3,0
Bam Adebayo,6.4,0.523,12.2,0.0,0.0,0.3,3.7,11.0,20,1.5,2.5,0.2,1.8,9.7,21.6,105,6.4,0.512,12.5,4.7,0.721,6.6,69,19,1368.0,-1.6,4.3,9.7,116,15.7,5.1,17.5,C,1.2,1.2,2.4,13.6,14.0,15.6,0.57,MIA,15.9,0.8,0
LaMarcus Aldridge,13.3,0.526,25.3,0.5,0.293,1.9,3.1,11.3,32,1.8,3.0,3.3,0.3,7.8,17.3,105,13.8,0.51,27.1,6.7,0.8370000000000001,8.0,75,75,2509.0,3.0,5.0,10.8,118,25.0,3.2,34.9,C,0.9,0.9,2.2,6.8,12.8,14.0,0.57,SAS,29.1,3.3,2
Jarrett Allen,7.7,0.599,12.9,0.2,0.33299999999999996,0.5,1.7,5.4,19,3.0,4.6,0.2,1.4,8.2,18.2,108,7.9,0.589,13.4,3.8,0.7759999999999999,5.0,72,31,1441.0,-1.3,4.9,10.5,119,17.5,5.0,19.8,C,0.9,0.9,2.8,15.1,13.1,14.3,0.636,BRK,16.3,0.8,0
Aron Baynes,7.0,0.48700000000000004,14.3,0.1,0.14300000000000002,0.7,3.1,9.6,31,1.7,2.9,-1.7,2.1,10.2,22.1,103,7.1,0.47100000000000003,15.0,2.0,0.7559999999999999,2.6,81,67,1485.0,-3.8,4.4,9.7,103,12.1,6.7,16.2,C,0.7,0.7,2.7,14.3,14.6,16.0,0.502,BOS,16.8,0.1,1
Jordan Bell,6.9,0.6409999999999999,10.8,0.0,0.0,0.2,6.1,16.9,23,3.3,5.5,3.7,3.7,8.8,19.0,103,6.9,0.627,11.0,1.8,0.682,2.6,57,13,809.0,0.0,3.6,8.9,121,18.0,5.5,15.6,C,2.1,2.1,3.0,20.0,12.3,14.3,0.6409999999999999,GSW,13.9,1.2,0
Khem Birch,5.8,0.54,10.7,0.0,0.0,0.0,2.9,8.5,25,1.8,2.9,0.3,1.4,9.3,21.1,108,5.8,0.54,10.7,3.6,0.6890000000000001,5.2,42,0,578.0,-1.1,5.9,13.2,123,16.4,4.7,15.1,C,1.3,1.3,1.8,12.1,15.2,17.1,0.5820000000000001,ORL,13.2,0.3,0
Bismack Biyombo,6.0,0.521,11.5,0.0,0.0,0.0,2.2,6.5,25,3.1,5.1,-1.6,2.1,10.6,24.0,107,6.0,0.52,11.5,3.3,0.65,5.1,82,25,1495.0,-3.7,4.7,10.5,108,14.1,5.2,15.3,C,0.7,0.7,2.8,16.6,15.3,17.2,0.556,ORL,14.9,0.2,0
Tarik Black,6.8,0.638,10.6,0.1,0.091,1.0,1.2,3.7,26,2.8,4.8,-1.0,2.1,9.2,20.9,102,6.9,0.591,11.7,2.7,0.46,5.8,51,2,536.0,-3.0,5.8,13.4,110,14.3,9.8,16.5,C,1.9,1.9,3.2,18.4,15.0,17.1,0.5820000000000001,HOU,15.6,0.1,0
Clint Capela,10.7,0.653,16.3,0.0,0.0,0.0,1.6,5.7,23,3.3,5.7,3.0,2.9,13.6,30.8,101,10.7,0.652,16.4,3.5,0.56,6.2,74,74,2034.0,0.1,5.8,13.5,126,24.5,4.5,24.8,C,1.4,1.4,2.5,11.5,19.4,22.2,0.65,HOU,19.4,2.6,0
Willie Cauley-Stein,9.5,0.506,18.8,0.1,0.25,0.3,4.3,13.7,24,1.7,3.1,0.4,1.7,9.4,22.0,108,9.6,0.502,19.1,3.8,0.619,6.1,73,58,2044.0,-1.3,3.2,7.0,106,17.6,4.6,23.1,C,1.9,1.9,2.7,11.0,12.6,14.2,0.529,SAC,21.8,1.2,2
Tyson Chandler,5.0,0.647,7.8,0.0,0.0,0.0,2.2,6.6,35,1.1,1.9,-0.3,1.0,11.8,26.8,111,5.0,0.647,7.8,2.4,0.624,3.9,46,46,1151.0,-1.3,5.6,12.2,122,14.2,4.4,12.5,C,0.7,0.7,2.5,20.5,17.4,19.4,0.6579999999999999,PHO,10.6,0.5,0
Zach Collins,3.8,0.455,8.4,1.7,0.31,5.4,2.5,7.1,20,1.5,2.4,-3.2,0.9,8.4,18.2,107,5.5,0.39799999999999996,13.8,1.3,0.643,2.0,66,1,1045.0,-4.1,2.1,4.7,93,7.5,6.3,13.9,C,0.8,0.8,2.8,15.9,10.5,11.5,0.475,POR,15.4,-0.3,1
DeMarcus Cousins,8.3,0.53,15.7,2.9,0.354,8.1,7.1,23.0,27,2.1,3.5,5.5,3.6,14.1,30.9,102,11.2,0.47,23.7,8.1,0.746,10.8,48,48,1737.0,1.9,2.9,6.8,104,22.6,5.0,33.3,C,2.2,2.2,6.7,18.9,17.0,19.2,0.583,NOP,31.9,3.3,2
Deyonta Davis,8.6,0.608,14.2,0.0,0.0,0.0,2.1,7.1,21,2.1,3.9,-0.9,0.4,9.4,22.0,110,8.6,0.608,14.2,2.0,0.667,3.1,62,6,943.0,-1.3,4.0,9.0,122,16.6,6.7,19.3,C,0.8,0.8,1.7,9.9,13.4,15.3,0.621,MEM,15.3,0.3,0
Ed Davis,5.7,0.584,9.8,0.0,0.0,0.0,1.4,3.9,28,1.8,2.9,0.0,1.8,13.3,28.8,103,5.7,0.5820000000000001,9.9,2.5,0.667,3.8,78,0,1471.0,-1.8,6.2,13.7,121,15.5,6.4,14.0,C,1.1,1.1,2.2,16.2,19.4,21.3,0.607,POR,12.1,0.7,0
Dewayne Dedmon,6.3,0.595,10.6,1.6,0.355,4.5,2.9,9.2,28,1.6,2.8,0.5,1.6,12.3,28.1,107,7.9,0.524,15.1,2.1,0.779,2.7,62,46,1542.0,-1.0,3.2,7.2,111,15.8,5.1,19.5,C,1.3,1.3,2.7,14.3,15.5,17.7,0.599,ATL,17.0,1.0,1
Gorgui Dieng,6.3,0.511,12.3,0.7,0.311,2.3,2.7,7.5,28,1.5,2.6,-0.4,0.6,9.5,22.2,109,7.0,0.479,14.6,3.0,0.775,3.8,79,0,1333.0,-1.0,4.0,9.1,112,14.7,5.5,17.6,C,1.7,1.7,2.2,12.0,13.5,15.6,0.5429999999999999,MIN,16.3,0.5,1
Andre Drummond,8.9,0.536,16.5,0.0,0.0,0.2,4.5,14.3,24,2.4,4.3,5.5,5.3,16.1,36.4,99,8.9,0.529,16.7,4.5,0.605,7.5,78,78,2625.0,0.2,7.6,16.4,113,22.9,4.8,22.3,C,2.2,2.2,3.8,15.9,23.7,26.2,0.555,DET,21.2,5.0,2
Joel Embiid,11.2,0.527,21.2,1.7,0.308,5.4,5.0,18.0,23,2.8,4.8,2.6,2.5,13.8,29.7,100,12.8,0.483,26.6,9.0,0.769,11.7,63,63,1912.0,0.1,3.6,8.4,106,22.9,5.3,36.3,C,1.0,1.0,5.9,15.6,17.4,19.4,0.573,PHI,33.4,2.2,2
Derrick Favors,8.9,0.596,14.9,0.3,0.222,1.5,2.4,7.8,26,1.9,3.2,2.7,2.2,8.2,18.5,104,9.2,0.563,16.4,3.3,0.6509999999999999,5.0,77,77,2153.0,0.5,4.6,10.6,119,18.8,3.8,22.0,C,1.3,1.3,2.0,9.9,12.9,14.6,0.593,UTA,18.5,2.5,0
Cristiano Felicio,6.3,0.596,10.6,0.0,0.0,0.1,2.7,8.4,25,0.5,1.0,-2.4,-0.1,7.5,17.1,113,6.3,0.591,10.7,2.7,0.667,4.0,55,16,977.0,-2.3,4.1,8.8,114,12.5,5.2,15.4,C,0.8,0.8,2.7,17.7,11.6,12.8,0.614,CHI,13.6,-0.1,0
Channing Frye,4.6,0.67,6.8,2.7,0.33899999999999997,8.1,2.7,7.9,34,0.9,1.6,-1.7,-1.0,8.6,19.4,111,7.3,0.491,14.9,1.2,0.895,1.3,53,1,695.0,-0.7,0.8,1.9,115,13.1,4.8,18.5,C,1.3,1.3,1.5,8.7,9.5,10.8,0.599,TOT,15.2,0.1,1
Marc Gasol,6.8,0.456,15.0,2.3,0.341,6.7,6.4,21.7,33,2.1,3.9,1.5,1.6,10.8,25.3,108,9.1,0.42,21.7,5.9,0.8340000000000001,7.1,73,73,2408.0,-0.1,1.6,3.7,104,17.4,3.9,26.4,C,1.1,1.1,4.1,14.1,12.4,14.2,0.532,MEM,25.6,2.1,2
Pau Gasol,6.8,0.48100000000000004,14.1,1.2,0.358,3.3,6.6,20.1,37,2.2,3.6,3.2,3.3,13.7,30.2,102,8.0,0.45799999999999996,17.5,4.4,0.7559999999999999,5.8,77,63,1812.0,-0.1,3.6,7.8,112,18.9,3.4,21.6,C,0.7,0.7,3.0,13.1,17.3,19.0,0.539,SAS,20.4,2.4,2
Rudy Gobert,7.6,0.622,12.3,0.0,0.0,0.0,2.2,6.9,25,3.6,6.0,4.3,4.6,12.0,27.0,99,7.6,0.622,12.3,5.6,0.682,8.3,56,56,1816.0,-0.3,4.6,10.4,122,20.7,4.2,20.9,C,1.2,1.2,3.0,15.7,16.6,18.8,0.657,UTA,16.9,2.9,0
Marcin Gortat,6.9,0.518,13.4,0.0,0.0,0.0,3.6,10.6,33,1.5,2.6,0.3,1.9,10.6,24.0,107,6.9,0.518,13.4,2.6,0.675,3.9,82,82,2075.0,-1.6,4.3,9.9,112,14.7,4.2,16.5,C,1.0,1.0,2.4,13.5,14.9,17.0,0.546,WAS,15.5,1.2,0
Montrezl Harrell,13.0,0.6409999999999999,20.3,0.0,0.14300000000000002,0.3,2.8,10.1,24,2.0,3.4,2.4,0.0,7.6,17.0,109,13.1,0.635,20.6,5.2,0.626,8.3,76,3,1293.0,2.4,3.9,8.9,124,24.7,5.4,31.4,C,1.4,1.4,2.6,9.5,11.5,13.0,0.647,LAC,23.8,1.5,2
John Henson,7.2,0.578,12.5,0.0,0.14300000000000002,0.2,2.9,8.6,27,2.8,4.7,0.4,1.8,9.2,21.5,108,7.3,0.5720000000000001,12.7,2.3,0.57,4.0,76,69,1970.0,-1.4,3.8,9.0,115,15.7,5.1,16.8,C,1.1,1.1,2.1,12.8,13.0,15.3,0.5820000000000001,MIL,15.0,1.2,0
Willy Hernangomez,8.5,0.5660000000000001,15.1,0.5,0.41700000000000004,1.2,3.3,10.5,23,1.6,2.7,0.9,0.8,12.1,27.2,106,9.0,0.555,16.3,5.9,0.6559999999999999,8.9,48,1,495.0,0.1,6.1,13.3,117,21.2,6.4,24.4,C,1.8,1.8,3.5,14.7,18.2,20.2,0.604,TOT,21.0,0.4,2
Nene Hilario,8.8,0.574,15.4,0.0,0.0,0.1,2.9,9.5,35,0.9,1.6,-0.8,0.7,7.9,18.0,105,8.8,0.569,15.5,4.4,0.636,6.9,52,4,758.0,-1.5,3.5,8.1,117,16.4,8.0,22.1,C,1.8,1.8,2.5,11.7,11.4,13.1,0.594,HOU,18.9,0.2,0
Richaun Holmes,8.4,0.624,13.5,0.3,0.129,2.0,3.9,12.3,24,1.9,3.2,1.7,1.9,9.9,21.4,103,8.7,0.56,15.5,2.4,0.6609999999999999,3.6,48,2,746.0,-0.2,3.7,8.6,121,17.4,6.3,20.1,C,1.3,1.3,1.6,8.6,13.6,15.2,0.585,PHI,16.6,0.7,0
Al Horford,5.9,0.514,11.6,2.1,0.429,5.0,7.4,23.6,31,1.7,2.9,4.0,2.9,9.4,20.2,103,8.1,0.489,16.5,2.1,0.7829999999999999,2.6,72,72,2277.0,1.1,2.3,5.0,115,17.6,3.0,20.3,C,0.9,0.9,2.9,14.1,11.6,12.7,0.575,BOS,18.4,3.5,1
Dwight Howard,10.0,0.5589999999999999,17.9,0.0,0.14300000000000002,0.1,2.1,7.1,32,2.6,4.4,-0.3,1.7,15.0,33.8,104,10.0,0.555,18.0,6.6,0.574,11.5,81,81,2463.0,-2.0,5.0,11.0,108,20.5,4.9,26.7,C,1.0,1.0,4.1,15.1,20.0,22.2,0.5770000000000001,CHO,24.2,1.1,2
Amir Johnson,5.3,0.57,9.4,0.4,0.313,1.3,4.8,13.9,30,1.8,3.1,2.9,3.1,8.5,18.3,103,5.8,0.5379999999999999,10.7,2.1,0.612,3.5,74,18,1171.0,-0.2,5.1,11.8,121,14.8,7.9,14.0,C,1.8,1.8,2.3,15.6,13.6,15.2,0.575,PHI,12.8,1.5,0
Nikola Jokic,8.0,0.5379999999999999,14.8,2.3,0.396,5.7,9.3,29.6,22,1.2,2.1,7.1,2.3,12.3,27.9,107,10.2,0.499,20.5,5.4,0.85,6.4,75,73,2443.0,4.8,4.0,9.0,121,24.4,4.3,28.1,C,1.8,1.8,4.3,15.5,16.3,18.5,0.603,DEN,24.2,5.6,2
DeAndre Jordan,7.5,0.645,11.6,0.0,0.0,0.0,2.3,7.1,29,1.4,2.4,2.1,1.6,16.9,37.6,105,7.5,0.645,11.6,3.6,0.58,6.3,77,77,2424.0,0.5,6.6,15.1,125,20.2,4.1,18.6,C,0.8,0.8,2.7,16.1,23.5,26.5,0.648,LAC,15.2,2.5,0
Enes Kanter,11.4,0.594,19.3,0.0,0.0,0.1,2.8,9.4,25,1.0,1.7,2.5,0.1,13.7,30.6,108,11.4,0.5920000000000001,19.3,4.2,0.848,5.0,71,71,1830.0,2.4,7.4,16.6,122,24.0,5.1,27.1,C,1.0,1.0,3.3,13.3,21.1,23.6,0.63,NYK,21.8,2.1,2
Kosta Koufos,8.1,0.5710000000000001,14.1,0.0,0.0,0.0,3.2,9.7,28,1.2,2.2,0.5,1.4,11.7,27.6,108,8.1,0.5710000000000001,14.1,1.2,0.446,2.7,71,13,1391.0,-0.8,5.4,11.7,117,17.5,5.3,17.3,C,1.7,1.7,1.8,10.4,17.2,19.3,0.5660000000000001,SAC,15.2,0.9,0
Joffrey Lauvergne,9.3,0.53,17.5,0.0,0.0,0.5,3.9,12.2,26,0.3,0.5,-1.6,-0.1,10.2,22.6,106,9.3,0.516,18.0,2.8,0.638,4.4,55,1,534.0,-1.4,6.0,13.0,109,16.5,4.3,21.4,C,0.9,0.9,3.1,13.5,16.2,17.8,0.536,SAS,20.4,0.1,0
Alex Len,7.3,0.568,12.9,0.0,0.33299999999999996,0.1,2.8,9.1,24,2.1,3.5,0.8,1.1,11.8,26.7,110,7.3,0.5660000000000001,13.0,5.4,0.684,7.9,69,13,1395.0,-0.3,6.0,13.2,121,19.4,5.4,20.1,C,0.9,0.9,2.7,14.0,17.8,19.8,0.612,PHO,17.0,1.0,0
Kevon Looney,5.9,0.59,10.0,0.1,0.2,0.3,2.2,6.0,21,3.0,4.9,1.2,2.1,7.0,15.2,106,5.9,0.58,10.2,2.2,0.545,4.1,66,4,910.0,-0.9,4.4,11.0,121,14.8,5.6,14.1,C,1.8,1.8,1.6,12.0,11.4,13.2,0.588,GSW,12.5,0.7,0
Brook Lopez,7.1,0.5489999999999999,12.9,3.1,0.345,9.0,3.5,11.6,29,2.7,4.6,0.5,0.2,6.1,13.4,108,10.2,0.465,21.9,3.1,0.703,4.4,74,72,1735.0,0.3,2.0,4.6,108,16.4,5.4,26.5,C,0.8,0.8,2.7,10.2,8.1,9.0,0.557,LAL,23.5,1.1,1
Robin Lopez,9.8,0.536,18.2,0.1,0.28600000000000003,0.4,3.6,12.3,29,1.5,2.8,-1.9,-0.3,4.5,10.3,114,9.9,0.53,18.6,2.0,0.7559999999999999,2.6,64,64,1690.0,-1.7,3.9,8.2,106,14.7,3.1,21.8,C,0.4,0.4,3.1,13.5,8.4,9.2,0.552,CHI,20.4,0.0,1
Kevin Love,5.8,0.494,11.8,4.1,0.415,9.8,3.1,9.8,29,0.7,1.2,1.3,-1.5,13.2,29.8,109,9.9,0.45799999999999996,21.6,6.9,0.88,7.9,59,59,1651.0,2.7,3.0,7.0,120,22.4,3.6,30.8,C,1.3,1.3,2.7,9.6,16.2,18.6,0.614,CLE,25.1,1.4,2
Ian Mahinmi,6.0,0.561,10.7,0.0,0.0,0.1,2.3,6.6,31,1.8,3.2,-0.7,1.6,7.7,17.4,107,6.0,0.556,10.8,3.9,0.703,5.6,77,0,1145.0,-2.3,5.9,13.4,107,12.2,10.0,15.9,C,1.6,1.6,4.3,24.7,13.5,15.4,0.601,WAS,15.6,0.4,0
Thon Maker,4.0,0.467,8.5,1.2,0.298,4.2,1.9,5.2,20,2.1,3.7,-2.7,0.0,6.0,14.2,110,5.2,0.41100000000000003,12.7,2.6,0.6990000000000001,3.7,74,12,1238.0,-2.7,3.0,7.1,103,10.2,6.5,14.3,C,1.5,1.5,1.8,11.0,9.1,10.6,0.499,MIL,14.6,-0.2,1
JaVale McGee,10.7,0.638,16.7,0.0,0.0,0.5,2.6,8.0,30,4.5,7.3,2.6,2.1,8.6,18.7,103,10.7,0.621,17.2,3.0,0.731,4.1,65,17,615.0,0.4,4.6,11.5,124,22.3,7.1,24.3,C,1.6,1.6,2.1,10.0,13.2,15.4,0.6409999999999999,GSW,19.2,0.7,0
Salah Mejri,6.1,0.657,9.2,0.0,0.0,0.2,2.4,7.2,31,4.6,8.2,3.1,5.3,11.1,25.4,102,6.1,0.642,9.4,2.6,0.5760000000000001,4.5,61,1,729.0,-2.2,5.9,12.5,122,17.8,8.3,14.7,C,1.5,1.5,2.7,19.0,16.9,18.7,0.644,DAL,12.8,0.9,0
Greg Monroe,10.3,0.565,18.2,0.0,0.0,0.0,5.4,18.7,27,1.1,1.8,2.4,2.3,11.4,25.2,105,10.3,0.565,18.2,4.1,0.7390000000000001,5.6,51,14,1040.0,0.1,5.1,11.4,112,21.2,4.5,24.7,C,2.1,2.1,4.4,17.7,16.5,18.3,0.598,TOT,22.4,1.2,2
Mike Muscala,3.7,0.5589999999999999,6.7,2.9,0.371,7.7,2.3,7.3,26,1.2,2.2,0.2,0.2,8.0,18.3,110,6.6,0.45799999999999996,14.4,2.6,0.919,2.9,53,7,1060.0,0.0,2.6,5.9,115,14.4,3.7,18.7,C,1.4,1.4,1.9,11.0,10.6,12.1,0.597,ATL,15.7,0.6,1
Larry Nance,8.1,0.594,13.6,0.1,0.16699999999999998,0.4,2.8,8.6,25,1.3,2.2,3.3,2.4,9.9,22.0,104,8.1,0.581,14.0,3.1,0.664,4.7,66,27,1421.0,0.9,5.5,12.4,125,20.2,5.8,19.4,C,3.0,3.0,1.7,9.7,15.3,17.3,0.605,TOT,15.9,1.9,0
Lucas Nogueira,5.2,0.721,7.2,0.6,0.263,2.2,2.6,7.2,25,5.1,8.2,5.4,6.2,8.1,18.1,98,5.8,0.613,9.4,2.2,0.679,3.3,49,3,418.0,-0.7,2.1,4.9,123,17.3,5.8,14.4,C,2.7,2.7,1.9,14.8,10.3,11.7,0.6609999999999999,TOR,11.4,0.8,0
Dirk Nowitzki,5.5,0.494,11.1,3.6,0.409,8.9,3.2,10.4,39,1.2,2.1,0.3,0.3,11.0,25.2,108,9.1,0.456,20.0,2.6,0.898,2.9,77,77,1900.0,0.1,0.6,1.2,112,16.7,3.9,24.5,C,1.1,1.1,1.3,6.0,11.6,12.8,0.575,DAL,20.5,1.1,1
Jusuf Nurkic,11.4,0.508,22.5,0.0,0.0,0.2,3.4,11.7,23,2.6,4.3,0.3,2.8,12.4,26.9,101,11.4,0.505,22.7,4.1,0.63,6.5,79,79,2088.0,-2.6,4.5,10.0,102,19.2,5.9,27.0,C,1.5,1.5,4.4,14.6,16.9,18.5,0.528,POR,26.4,1.2,2
Kyle O'Quinn,7.9,0.599,13.1,0.1,0.235,0.6,5.6,16.8,27,3.5,6.1,4.5,4.3,12.5,27.8,105,8.0,0.583,13.7,3.5,0.772,4.5,77,10,1387.0,0.2,4.3,9.7,118,20.0,6.9,19.7,C,1.3,1.3,3.6,18.5,16.8,18.8,0.625,NYK,17.0,2.3,0
Zaza Pachulia,7.4,0.5670000000000001,13.0,0.0,0.0,0.0,5.4,15.2,33,0.8,1.4,0.8,1.3,11.5,25.0,105,7.4,0.564,13.1,3.7,0.8059999999999999,4.6,69,57,972.0,-0.5,4.4,11.0,117,17.0,6.0,18.5,C,1.9,1.9,3.6,19.1,15.9,18.5,0.612,GSW,17.0,0.7,0
Mason Plumlee,7.6,0.602,12.6,0.0,0.0,0.0,4.9,14.4,27,2.8,4.7,1.8,2.7,9.2,20.9,107,7.6,0.601,12.7,2.8,0.45799999999999996,6.2,74,26,1439.0,-0.9,4.5,10.4,112,16.9,6.3,18.1,C,1.7,1.7,3.5,18.7,13.8,15.6,0.586,DEN,16.6,1.4,0
Miles Plumlee,5.6,0.583,9.6,0.0,0.0,0.0,2.4,7.2,29,1.6,2.8,-2.5,1.3,8.0,18.3,111,5.6,0.583,9.6,1.4,0.45,3.2,55,35,918.0,-3.8,4.1,9.4,102,10.6,4.2,12.6,C,0.9,0.9,3.4,23.4,12.1,13.9,0.574,ATL,12.8,-0.1,0
Jakob Poeltl,8.2,0.66,12.4,0.0,0.5,0.1,1.8,5.4,22,3.2,5.2,3.3,2.9,7.4,16.4,104,8.2,0.659,12.4,1.9,0.594,3.3,82,0,1524.0,0.4,5.3,12.4,122,17.5,6.9,18.3,C,1.3,1.3,2.7,16.6,12.7,14.4,0.662,TOR,14.8,2.0,0
Dwight Powell,6.8,0.6559999999999999,10.4,0.8,0.33299999999999996,2.5,2.7,8.5,26,1.0,1.7,2.7,1.6,9.3,21.3,107,7.7,0.593,12.9,4.0,0.7190000000000001,5.6,79,25,1672.0,1.1,4.1,8.7,129,18.8,5.6,20.1,C,2.0,2.0,1.8,10.3,13.3,14.7,0.6559999999999999,DAL,15.5,2.0,0
Julius Randle,10.8,0.575,18.8,0.2,0.222,1.0,4.6,15.8,23,1.0,1.7,0.9,0.6,10.3,22.8,107,11.0,0.5579999999999999,19.7,6.7,0.718,9.3,82,49,2190.0,0.4,4.0,8.9,112,19.9,6.0,28.9,C,0.9,0.9,4.7,16.3,14.3,15.9,0.606,LAL,25.3,1.6,2
Willie Reed,9.1,0.672,13.5,0.1,0.5,0.2,1.1,3.6,27,2.5,4.3,-0.9,-0.1,9.8,21.8,108,9.2,0.669,13.8,3.6,0.5820000000000001,6.3,42,5,428.0,-0.8,4.0,9.1,125,19.2,6.4,22.2,C,1.0,1.0,2.2,11.6,13.8,15.5,0.6709999999999999,TOT,16.6,0.1,0
Domantas Sabonis,9.0,0.524,17.2,0.4,0.35100000000000003,1.0,4.2,12.7,21,0.9,1.6,-0.2,0.5,11.2,25.2,107,9.4,0.514,18.3,4.6,0.75,6.2,74,19,1810.0,-0.8,4.6,10.4,110,17.5,6.1,23.8,C,1.1,1.1,3.8,15.3,15.8,17.8,0.5670000000000001,IND,22.1,0.8,2
Marreese Speights,3.8,0.44799999999999995,8.4,6.2,0.369,16.9,2.9,9.8,30,1.6,2.6,-2.8,-2.9,8.1,18.4,111,10.0,0.395,25.3,2.9,0.727,4.0,52,3,675.0,0.2,1.5,3.4,101,13.7,7.7,29.2,C,0.6,0.6,2.9,9.7,9.6,10.8,0.539,ORL,26.9,-0.1,1
Daniel Theis,5.8,0.617,9.3,1.0,0.31,3.1,3.0,9.1,25,2.6,4.3,2.6,3.4,9.8,21.2,100,6.7,0.541,12.4,3.3,0.753,4.3,63,3,936.0,-0.8,4.8,10.7,117,16.1,8.4,17.7,C,1.6,1.6,3.0,17.2,14.6,16.0,0.616,BOS,15.5,1.1,0
Tristan Thompson,6.0,0.562,10.7,0.0,0.0,0.0,1.5,4.3,26,0.8,1.3,-2.5,-0.9,10.3,23.3,112,6.0,0.562,10.7,2.0,0.544,3.6,53,22,1072.0,-1.6,5.8,13.4,120,13.6,4.7,14.0,C,0.7,0.7,1.6,11.8,16.1,18.4,0.569,CLE,12.6,-0.1,0
Karl-Anthony Towns,8.9,0.585,15.2,2.1,0.42100000000000004,4.9,3.4,10.8,22,2.0,3.5,5.5,1.1,13.3,30.9,107,11.0,0.545,20.1,5.9,0.858,6.9,82,82,2918.0,4.4,4.1,9.3,127,24.9,4.9,29.9,C,1.1,1.1,2.7,10.5,17.3,20.0,0.6459999999999999,MIN,22.9,5.5,2
Myles Turner,6.8,0.519,13.1,1.5,0.35700000000000004,4.3,2.4,7.0,21,3.2,5.7,0.7,1.8,8.8,19.8,106,8.3,0.479,17.4,4.4,0.777,5.6,65,62,1836.0,-1.1,2.5,5.8,110,16.6,5.1,22.5,C,1.0,1.0,2.6,11.6,11.4,12.8,0.5670000000000001,IND,20.0,1.3,1
Ekpe Udoh,3.7,0.504,7.4,0.0,0.0,0.1,3.3,9.1,30,4.6,7.7,5.7,6.8,5.1,11.4,98,3.7,0.5,7.4,2.6,0.75,3.5,63,3,810.0,-1.1,4.2,9.6,126,15.2,6.5,10.0,C,2.7,2.7,1.2,12.1,9.3,10.5,0.56,UTA,9.1,1.6,0
Jonas Valanciunas,10.3,0.5870000000000001,17.5,0.9,0.405,2.1,2.3,7.5,25,2.0,3.2,1.5,0.8,13.6,30.3,103,11.1,0.568,19.6,4.9,0.8059999999999999,6.0,77,77,1727.0,0.7,5.2,12.1,120,22.5,5.5,28.0,C,0.8,0.8,3.3,12.9,18.8,21.4,0.628,TOR,22.7,1.5,2
Nikola Vucevic,9.7,0.527,18.5,1.9,0.314,5.9,5.6,19.9,27,1.8,3.0,2.7,2.1,12.3,27.8,106,11.6,0.475,24.4,2.2,0.8190000000000001,2.7,57,57,1683.0,0.6,2.9,6.6,105,19.7,4.2,27.3,C,1.6,1.6,3.2,11.0,15.2,17.1,0.5329999999999999,ORL,25.9,2.0,2
David West,10.3,0.5760000000000001,17.8,0.1,0.375,0.4,6.7,20.5,37,3.6,5.9,3.0,3.2,8.4,18.2,103,10.4,0.5710000000000001,18.2,2.9,0.759,3.8,73,0,999.0,-0.2,3.1,7.7,113,20.9,5.8,23.9,C,2.3,2.3,3.9,16.2,11.5,13.3,0.6,GSW,21.7,1.3,2
Hassan Whiteside,11.4,0.5379999999999999,21.2,0.1,1.0,0.1,2.0,6.9,28,3.5,5.9,0.2,2.3,16.3,36.6,99,11.5,0.54,21.3,4.7,0.703,6.7,54,54,1364.0,-2.1,6.4,14.3,111,24.1,4.8,27.8,C,1.4,1.4,3.4,12.3,22.7,25.4,0.573,MIA,24.7,0.8,2
Tyler Zeller,7.8,0.578,13.5,0.4,0.35700000000000004,1.2,2.1,6.7,28,1.5,2.5,-1.6,-0.5,8.6,19.4,111,8.3,0.56,14.8,2.5,0.722,3.5,66,34,1109.0,-1.1,4.9,11.0,118,16.0,5.6,19.5,C,0.7,0.7,2.1,11.3,13.5,15.2,0.598,TOT,16.4,0.1,0
Ivica Zubac,7.1,0.504,14.1,0.0,0.0,0.1,2.9,8.8,20,1.8,3.0,-2.2,0.5,9.1,20.1,107,7.1,0.5,14.2,4.6,0.765,6.0,43,0,410.0,-2.7,5.3,11.8,111,15.3,5.5,18.8,C,0.9,0.9,3.0,15.3,14.4,16.0,0.557,LAL,17.6,0.0,0
