Name,2P,2P%,2PA,3P,3P%,3PA,AST,AST%,Age,BLK,BLK%,BPM,DBPM,DRB,DRB%,DRtg,FG,FG%,FGA,FT,FT%,FTA,G,GS,MP,OBPM,ORB,ORB%,ORtg,PER,PF,PTS,Pos,STL,STL%,TOV,TOV%,TRB,TRB%,TS%,Tm,USG%,VORP,pf_cluster
Quincy Acy,1.0,0.384,2.6,3.6,0.349,10.4,2.0,6.0,27,1.0,1.6,-2.2,-0.2,7.8,17.0,110,4.6,0.35600000000000004,13.0,1.8,0.8170000000000001,2.1,70,8,1359.0,-2.0,1.4,3.1,99,8.2,5.3,14.7,PF,1.2,1.2,2.1,13.3,9.2,10.0,0.525,BRK,14.4,-0.1,0
Al-Farouq Aminu,2.5,0.43200000000000005,5.8,3.0,0.369,8.1,2.0,5.8,27,1.0,1.6,1.1,1.9,10.3,22.3,104,5.5,0.395,14.0,1.4,0.738,1.9,69,67,2072.0,-0.8,2.3,5.2,105,12.0,3.3,15.5,PF,1.9,1.9,1.9,11.3,12.6,13.8,0.522,POR,14.8,1.6,2
Ryan Anderson,2.2,0.539,4.0,3.7,0.386,9.7,1.7,5.1,29,0.6,1.0,0.2,-0.8,6.8,15.4,109,5.9,0.431,13.7,2.1,0.774,2.7,66,50,1725.0,1.0,2.7,6.2,121,12.6,3.6,17.6,PF,0.7,0.7,1.2,7.5,9.4,10.8,0.5920000000000001,HOU,14.4,1.0,2
Giannis Antetokounmpo,12.6,0.5539999999999999,22.8,0.8,0.307,2.5,6.5,23.7,23,1.9,3.3,5.8,1.9,10.8,25.3,106,13.4,0.529,25.4,8.8,0.76,11.6,75,75,2756.0,3.9,2.8,6.7,116,27.3,4.2,36.4,PF,2.0,2.0,4.0,11.7,13.6,16.0,0.598,MIL,31.2,5.4,4
Carmelo Anthony,6.0,0.43700000000000006,13.8,3.4,0.35700000000000004,9.4,2.0,6.5,33,1.0,1.8,-3.8,-1.9,7.7,17.7,109,9.4,0.40399999999999997,23.2,2.9,0.767,3.8,78,78,2501.0,-1.9,1.3,2.9,104,12.7,3.9,25.0,PF,0.9,0.9,2.0,7.3,9.0,10.0,0.503,OKC,23.2,-1.1,1
Harrison Barnes,8.0,0.478,16.7,2.3,0.35700000000000004,6.3,2.9,9.9,25,0.3,0.5,-2.1,-1.4,7.5,17.1,111,10.2,0.445,23.0,4.9,0.8270000000000001,6.0,77,77,2634.0,-0.7,1.5,3.1,105,15.8,1.8,27.7,PF,0.9,0.9,2.2,8.1,8.9,9.9,0.539,DAL,25.2,-0.1,1
Michael Beasley,11.2,0.52,21.6,1.0,0.395,2.6,3.7,12.5,29,1.3,2.3,-1.5,-0.4,9.5,21.2,110,12.3,0.507,24.2,3.7,0.78,4.8,74,30,1653.0,-1.0,2.9,6.5,103,17.8,4.3,29.3,PF,1.1,1.1,4.3,14.0,12.4,13.9,0.556,NYK,26.9,0.2,1
Dragan Bender,1.6,0.426,3.7,2.7,0.366,7.4,3.0,8.9,20,1.2,2.1,-2.7,0.0,7.4,16.8,114,4.3,0.386,11.2,0.9,0.765,1.2,82,37,2069.0,-2.7,0.9,2.0,95,7.1,3.8,12.3,PF,0.5,0.5,2.6,18.1,8.4,9.3,0.524,PHO,12.7,-0.4,0
Davis Bertans,3.1,0.588,5.3,4.4,0.373,11.7,3.4,10.3,25,1.3,2.1,1.0,-0.3,6.3,13.9,106,7.5,0.44,17.0,1.9,0.816,2.3,77,10,1086.0,1.2,0.8,1.8,115,14.1,4.3,21.2,PF,1.2,1.2,1.7,8.5,7.1,7.8,0.588,SAS,17.4,0.8,2
Nemanja Bjelica,3.5,0.505,6.9,2.8,0.415,6.7,3.1,8.7,29,0.6,1.0,0.5,-0.1,8.1,18.8,110,6.2,0.461,13.5,1.3,0.8,1.6,67,21,1371.0,0.6,1.9,4.4,114,12.6,5.1,16.6,PF,1.8,1.8,1.9,11.7,10.0,11.5,0.581,MIN,14.3,0.9,2
Trevor Booker,7.1,0.545,13.0,0.3,0.242,1.4,3.4,10.8,30,0.9,1.5,-0.5,0.5,8.4,18.6,108,7.4,0.516,14.4,2.8,0.71,3.9,68,7,1158.0,-1.0,4.9,11.1,114,14.9,5.0,18.0,PF,1.2,1.2,2.5,13.3,13.4,14.9,0.557,TOT,16.6,0.4,3
Marquese Chriss,4.6,0.509,9.0,1.8,0.295,6.0,2.6,8.1,20,2.2,3.7,-2.0,1.3,10.0,22.7,109,6.3,0.423,15.0,3.0,0.608,5.0,72,49,1527.0,-3.3,2.4,5.2,95,11.1,6.4,17.4,PF,1.6,1.6,3.4,16.4,12.4,13.8,0.509,PHO,18.1,0.0,2
John Collins,8.2,0.598,13.6,0.4,0.34,1.3,2.7,8.9,20,2.2,3.8,1.7,1.9,10.0,22.8,108,8.6,0.5760000000000001,14.9,3.6,0.715,5.1,74,26,1785.0,-0.2,4.8,11.0,117,18.3,5.9,21.3,PF,1.3,1.3,2.9,14.3,14.8,16.9,0.62,ATL,17.9,1.7,3
Anthony Davis,12.7,0.5579999999999999,22.8,1.0,0.34,2.8,3.0,10.8,24,3.4,5.6,5.2,2.3,11.3,24.8,102,13.7,0.534,25.6,8.7,0.828,10.5,75,75,2727.0,2.8,3.3,7.7,119,28.9,2.8,36.9,PF,2.0,2.0,2.8,8.6,14.6,16.5,0.612,NOP,30.0,4.9,4
Sam Dekker,6.5,0.593,11.0,0.6,0.16699999999999998,3.3,2.1,6.2,23,0.5,0.9,-3.1,-1.0,7.2,16.0,111,7.0,0.494,14.3,2.0,0.6609999999999999,3.1,73,1,883.0,-2.1,2.4,5.6,107,11.5,3.9,16.7,PF,1.3,1.3,1.8,10.4,9.6,10.8,0.534,LAC,15.5,-0.2,2
Cheick Diallo,8.4,0.58,14.5,0.0,0.0,0.0,1.6,4.7,21,1.7,2.9,-3.1,-0.3,13.5,29.6,105,8.4,0.58,14.5,4.1,0.758,5.4,52,0,581.0,-2.8,3.9,9.1,118,17.0,6.7,20.9,PF,0.9,0.9,2.3,12.0,17.3,19.7,0.619,NOP,17.4,-0.2,3
Jared Dudley,1.3,0.452,2.9,2.0,0.363,5.6,5.4,15.6,32,0.8,1.3,-1.9,0.0,6.0,13.6,113,3.3,0.39299999999999996,8.5,1.9,0.7709999999999999,2.4,48,0,686.0,-1.9,0.6,1.2,110,8.8,5.9,10.6,PF,1.7,1.7,2.0,16.9,6.6,7.3,0.5529999999999999,PHO,10.2,0.0,0
Kevin Durant,9.5,0.565,16.8,3.6,0.419,8.6,7.6,25.5,29,2.5,4.0,5.6,0.7,9.0,19.5,107,13.1,0.516,25.3,7.4,0.889,8.4,68,68,2325.0,5.0,0.6,1.6,119,26.0,2.8,37.1,PF,1.0,1.0,4.3,12.9,9.6,11.2,0.64,GSW,30.4,4.5,4
Rudy Gay,8.9,0.516,17.2,1.5,0.314,4.8,3.0,9.8,31,1.6,2.6,0.3,1.0,8.8,19.5,103,10.4,0.47100000000000003,22.0,4.6,0.772,6.0,57,6,1231.0,-0.7,3.1,6.8,106,18.0,4.0,26.9,PF,1.9,1.9,3.2,11.5,11.9,13.1,0.545,SAS,24.6,0.7,1
Taj Gibson,7.7,0.595,12.9,0.1,0.2,0.6,1.8,5.2,32,1.1,1.9,1.1,0.2,7.2,16.7,112,7.8,0.5770000000000001,13.5,2.6,0.768,3.4,82,82,2726.0,0.9,3.6,8.1,123,15.4,4.0,18.3,PF,1.1,1.1,1.6,9.8,10.7,12.4,0.61,MIN,14.7,2.1,2
Aaron Gordon,6.7,0.49700000000000005,13.4,2.9,0.336,8.8,3.5,11.7,22,1.2,1.9,0.0,0.0,9.5,21.5,109,9.6,0.434,22.2,4.0,0.698,5.8,58,57,1909.0,0.0,2.2,5.0,103,16.5,2.8,26.2,PF,1.5,1.5,2.7,10.0,11.7,13.2,0.53,ORL,24.7,1.0,1
Jerami Grant,6.4,0.613,10.4,1.0,0.29100000000000004,3.3,1.7,5.1,23,2.3,4.2,-0.6,0.2,7.0,16.3,108,7.4,0.535,13.7,4.9,0.675,7.2,81,1,1647.0,-0.8,2.6,5.6,122,16.2,4.7,20.6,PF,0.9,0.9,1.6,8.8,9.6,10.7,0.607,OKC,16.0,0.6,2
Draymond Green,4.3,0.562,7.6,1.6,0.301,5.4,10.7,29.0,27,1.9,3.1,3.2,2.7,9.7,21.1,105,5.9,0.45399999999999996,13.0,2.8,0.775,3.6,70,70,2287.0,0.4,1.6,3.9,110,16.1,3.9,16.3,PF,2.0,2.0,4.3,22.5,11.3,13.1,0.556,GSW,17.2,3.0,2
JaMychal Green,5.9,0.499,11.8,1.4,0.33899999999999997,4.2,2.6,8.3,27,0.8,1.5,-1.5,-0.4,10.4,24.4,110,7.3,0.457,16.0,2.6,0.721,3.6,55,54,1542.0,-1.2,4.8,10.8,108,14.0,5.0,18.7,PF,1.0,1.0,2.5,12.4,15.2,17.4,0.53,MEM,17.8,0.2,3
Jeff Green,6.5,0.54,12.0,1.4,0.312,4.6,2.7,8.0,31,0.9,1.6,-1.9,-1.7,5.0,11.2,114,7.9,0.47700000000000004,16.6,5.4,0.868,6.3,78,13,1828.0,-0.2,1.6,3.7,115,14.8,4.0,22.7,PF,1.1,1.1,2.0,9.4,6.6,7.6,0.5870000000000001,CLE,19.3,0.1,2
Blake Griffin,8.1,0.48200000000000004,16.8,2.8,0.345,8.0,8.3,28.1,28,0.4,0.8,2.8,-0.1,8.9,19.8,110,10.9,0.43799999999999994,24.8,6.5,0.785,8.2,58,58,1970.0,2.9,1.8,4.1,109,19.6,3.5,31.0,PF,1.0,1.0,4.1,12.6,10.7,12.0,0.544,TOT,28.9,2.4,1
Tobias Harris,7.0,0.488,14.4,3.4,0.41100000000000003,8.2,3.6,11.8,25,0.6,1.1,0.7,-0.8,7.0,15.7,110,10.4,0.46,22.6,3.3,0.8290000000000001,4.0,80,80,2668.0,1.5,1.1,2.4,112,17.1,3.0,27.5,PF,1.3,1.3,1.9,7.4,8.1,9.0,0.565,TOT,23.3,1.8,1
Josh Huestis,1.4,0.40299999999999997,3.4,1.7,0.287,5.8,1.0,2.7,26,2.2,4.0,-3.9,0.7,6.0,13.9,109,3.0,0.33,9.2,0.3,0.3,1.0,69,10,982.0,-4.6,2.1,4.6,91,5.4,4.1,8.0,PF,0.8,0.8,1.3,12.0,8.1,9.1,0.41700000000000004,OKC,9.5,-0.5,0
Serge Ibaka,6.4,0.5589999999999999,11.5,2.5,0.36,7.0,1.5,4.4,28,2.3,3.8,-0.2,0.6,9.4,21.0,105,8.9,0.483,18.5,2.2,0.797,2.8,76,76,2093.0,-0.8,1.8,4.3,109,14.7,4.9,22.6,PF,0.7,0.7,2.1,9.7,11.3,12.8,0.574,TOR,19.4,1.0,2
Ersan Ilyasova,5.2,0.517,10.1,2.6,0.36,7.1,2.5,7.9,30,0.7,1.3,0.1,-0.1,8.1,18.0,108,7.8,0.452,17.2,3.0,0.778,3.8,69,43,1729.0,0.2,3.3,7.6,111,14.9,4.4,21.1,PF,1.7,1.7,2.0,9.7,11.4,12.9,0.5579999999999999,TOT,18.7,0.9,2
LeBron James,11.5,0.603,19.0,2.4,0.36700000000000005,6.6,12.1,44.4,33,1.1,2.0,9.6,2.0,9.9,22.3,109,13.9,0.542,25.6,6.3,0.731,8.6,82,82,3026.0,7.6,1.6,3.7,118,28.6,2.2,36.4,PF,1.9,1.9,5.6,16.1,11.5,13.1,0.621,CLE,31.6,8.9,4
Jonas Jerebko,4.2,0.511,8.1,2.9,0.414,6.9,1.9,5.7,30,0.5,0.9,-0.6,-0.3,8.5,19.1,106,7.0,0.466,15.1,2.0,0.807,2.5,74,19,1134.0,-0.3,2.3,5.4,118,13.2,5.6,19.0,PF,1.1,1.1,1.2,6.9,10.9,12.3,0.586,UTA,15.6,0.4,2
James Johnson,6.5,0.5870000000000001,11.1,1.5,0.308,4.8,7.2,22.5,30,1.3,2.2,1.7,1.7,7.7,17.2,105,8.0,0.503,15.9,2.9,0.698,4.2,73,41,1943.0,-0.1,1.6,3.5,109,15.8,5.0,20.4,PF,1.8,1.8,3.6,17.2,9.3,10.3,0.575,MIA,19.1,1.8,2
Frank Kaminsky,5.4,0.45899999999999996,11.7,2.8,0.38,7.3,3.4,11.0,24,0.5,0.9,-0.9,-1.2,6.4,14.5,111,8.2,0.429,19.0,4.1,0.799,5.2,79,4,1835.0,0.3,1.2,2.7,110,14.4,2.5,23.2,PF,1.0,1.0,1.8,7.6,7.7,8.5,0.545,CHO,20.5,0.5,1
Maxi Kleber,4.6,0.613,7.5,1.7,0.313,5.3,2.1,6.4,26,2.0,3.5,0.2,1.2,6.8,15.6,109,6.3,0.489,12.9,1.8,0.746,2.5,72,36,1206.0,-1.0,3.0,6.3,117,13.4,4.7,16.1,PF,1.1,1.1,1.2,8.2,9.7,10.8,0.5760000000000001,DAL,13.7,0.7,2
Kyle Kuzma,6.2,0.511,12.1,3.2,0.366,8.6,2.8,9.1,22,0.7,1.1,-1.3,-1.0,7.9,17.4,109,9.3,0.45,20.7,2.9,0.7070000000000001,4.1,77,37,2401.0,-0.3,1.8,3.9,105,14.2,3.2,24.7,PF,1.0,1.0,2.8,11.0,9.6,10.7,0.5489999999999999,LAL,22.5,0.4,1
Skal Labissiere,7.6,0.45899999999999996,16.6,0.7,0.353,2.1,2.9,9.1,21,2.0,3.7,-2.6,0.1,7.7,18.1,111,8.4,0.44799999999999995,18.7,3.9,0.805,4.8,60,28,1240.0,-2.7,4.0,8.7,103,14.3,5.4,21.3,PF,1.0,1.0,3.0,12.5,11.7,13.2,0.513,SAC,21.1,-0.2,1
T.J. Leaf,5.0,0.489,10.2,2.0,0.429,4.6,1.0,2.8,20,0.4,0.8,-4.8,-2.9,5.8,13.0,112,7.0,0.47100000000000003,14.8,1.1,0.625,1.7,53,0,459.0,-1.9,3.2,7.2,113,10.7,4.9,17.0,PF,0.5,0.5,1.1,6.5,8.9,10.1,0.545,IND,14.9,-0.3,0
Trey Lyles,6.7,0.563,11.8,3.0,0.381,7.8,3.2,10.1,22,1.2,2.0,-0.8,-1.4,10.4,23.5,110,9.6,0.491,19.6,3.6,0.706,5.1,73,2,1391.0,0.6,2.0,4.5,116,17.9,4.0,25.8,PF,1.1,1.1,2.2,9.0,12.4,14.0,0.591,DEN,21.1,0.4,1
Lauri Markkanen,5.5,0.49700000000000005,11.1,3.5,0.36200000000000004,9.7,1.9,6.4,20,1.0,1.8,-1.9,-1.3,10.4,23.7,110,9.0,0.434,20.8,3.4,0.843,4.0,68,68,2020.0,-0.6,1.9,4.0,107,15.6,2.5,25.0,PF,0.9,0.9,2.0,8.2,12.3,13.5,0.552,CHI,21.9,0.1,1
Jarell Martin,5.7,0.47,12.1,1.0,0.34700000000000003,3.0,2.2,7.0,23,1.5,2.8,-3.0,0.0,6.7,15.8,111,6.7,0.446,15.1,2.7,0.767,3.5,73,36,1661.0,-3.0,3.0,6.6,101,10.5,6.4,17.2,PF,1.2,1.2,2.6,13.6,9.7,11.1,0.516,MEM,17.1,-0.4,2
Luc Mbah a Moute,3.2,0.599,5.4,2.0,0.364,5.4,1.7,5.0,31,0.8,1.4,0.0,1.5,5.2,11.7,106,5.2,0.48100000000000004,10.9,2.0,0.684,3.0,61,15,1564.0,-1.5,0.7,1.6,106,10.2,3.1,14.5,PF,2.3,2.3,2.1,15.1,5.9,6.7,0.595,HOU,12.9,0.8,2
Nikola Mirotic,5.5,0.525,10.5,4.4,0.377,11.5,2.6,8.6,26,1.3,2.2,0.6,-0.7,11.2,24.9,107,9.9,0.447,22.1,3.6,0.818,4.4,55,14,1494.0,1.4,1.9,4.3,111,18.7,3.5,27.7,PF,1.4,1.4,2.0,7.7,13.1,14.6,0.5770000000000001,TOT,23.4,1.0,1
Eric Moreland,4.1,0.541,7.6,0.0,0.0,0.0,4.8,13.3,26,3.2,5.6,2.6,5.8,12.2,27.6,101,4.1,0.541,7.6,0.7,0.379,1.8,67,3,805.0,-3.1,5.0,10.9,111,13.9,7.2,8.9,PF,1.9,1.9,2.6,23.8,17.2,19.1,0.531,DET,9.7,0.9,3
Marcus Morris,6.1,0.467,13.0,3.0,0.368,8.1,2.5,8.1,28,0.4,0.7,-1.7,-0.6,8.5,18.4,105,9.0,0.429,21.1,4.3,0.805,5.3,54,21,1447.0,-1.0,1.5,3.3,106,14.5,3.5,25.4,PF,1.2,1.2,2.2,8.7,10.0,10.9,0.541,BOS,23.0,0.1,1
Markieff Morris,6.4,0.529,12.1,1.9,0.36700000000000005,5.2,3.6,11.0,28,1.0,1.7,-0.5,0.5,8.4,19.2,108,8.3,0.48,17.3,2.6,0.82,3.2,73,73,1968.0,-1.0,1.9,4.3,105,13.2,5.5,21.2,PF,1.4,1.4,3.2,14.6,10.3,11.8,0.5660000000000001,WAS,19.5,0.7,2
Semi Ojeleye,1.1,0.397,2.7,1.7,0.32,5.4,0.9,2.4,23,0.2,0.3,-3.5,0.1,5.4,11.6,107,2.8,0.34600000000000003,8.2,1.1,0.61,1.8,73,0,1150.0,-3.6,1.6,3.6,97,4.6,4.0,8.5,PF,0.9,0.9,1.1,10.8,7.0,7.7,0.473,BOS,9.0,-0.4,0
Kelly Olynyk,5.9,0.59,10.0,3.0,0.379,7.9,5.8,18.7,26,1.0,1.7,2.9,1.3,9.7,21.6,105,8.9,0.49700000000000005,17.9,3.8,0.77,4.9,76,22,1779.0,1.6,2.5,5.6,112,17.8,6.3,24.6,PF,1.7,1.7,4.1,17.1,12.2,13.6,0.612,MIA,21.7,2.2,2
Patrick Patterson,1.6,0.42100000000000004,3.7,2.6,0.386,6.7,2.2,6.1,28,0.9,1.6,-1.3,0.3,6.3,14.6,108,4.1,0.39799999999999996,10.4,1.6,0.87,1.8,82,3,1270.0,-1.6,1.3,2.7,114,10.0,3.4,12.4,PF,1.9,1.9,1.3,10.3,7.5,8.4,0.555,OKC,10.8,0.2,0
Bobby Portis,9.0,0.514,17.5,2.4,0.359,6.6,3.7,13.2,22,0.7,1.3,0.3,-0.6,10.1,23.0,110,11.3,0.47100000000000003,24.1,3.6,0.769,4.6,73,4,1643.0,1.0,4.7,10.0,108,19.7,3.9,28.6,PF,1.5,1.5,3.1,10.5,14.8,16.2,0.5479999999999999,CHI,26.0,1.0,1
Kristaps Porzingis,9.6,0.45399999999999996,21.1,2.9,0.395,7.3,1.8,6.2,22,3.7,6.4,-0.7,-0.2,8.1,18.1,108,12.4,0.439,28.4,7.0,0.7929999999999999,8.8,48,48,1553.0,-0.5,2.0,4.4,105,20.4,4.5,34.7,PF,1.1,1.1,3.0,8.4,10.1,11.3,0.539,NYK,31.0,0.5,1
Zach Randolph,10.4,0.503,20.7,1.7,0.34700000000000003,4.9,4.3,14.9,36,0.3,0.6,-1.8,-1.2,10.1,23.7,111,12.1,0.473,25.6,2.8,0.785,3.6,59,57,1508.0,-0.6,3.3,7.0,101,17.3,4.0,28.7,PF,1.4,1.4,3.9,12.5,13.3,15.0,0.529,SAC,27.6,0.1,1
Dario Saric,5.1,0.501,10.2,3.3,0.39299999999999996,8.3,4.2,13.0,23,0.4,0.7,1.4,-0.2,7.6,16.4,107,8.4,0.45299999999999996,18.5,3.7,0.86,4.3,78,73,2310.0,1.6,3.2,7.5,113,15.8,3.3,23.8,PF,1.1,1.1,3.1,13.1,10.8,12.1,0.5820000000000001,PHI,20.9,2.0,1
Mike Scott,7.4,0.5820000000000001,12.8,2.3,0.405,5.8,2.8,9.1,29,0.4,0.6,-2.3,-1.8,7.0,15.8,111,9.7,0.527,18.5,1.8,0.6579999999999999,2.7,76,1,1406.0,-0.5,1.8,4.0,109,13.7,5.2,23.6,PF,0.8,0.8,2.8,12.4,8.7,9.9,0.599,WAS,20.0,-0.1,2
Pascal Siakam,6.6,0.612,10.7,0.9,0.22,3.9,4.7,13.5,23,1.2,2.0,2.1,2.2,8.4,18.6,105,7.4,0.508,14.6,1.6,0.621,2.6,81,5,1679.0,0.0,2.3,5.4,113,14.5,4.9,17.3,PF,1.8,1.8,2.0,11.1,10.7,12.1,0.5489999999999999,TOR,15.7,1.7,2
Lance Thomas,1.9,0.364,5.2,1.8,0.40299999999999997,4.5,1.6,4.2,29,0.5,0.9,-2.6,-0.5,4.8,10.7,113,3.7,0.382,9.8,1.6,0.83,1.9,73,31,1353.0,-2.1,1.6,3.6,103,6.3,4.9,10.9,PF,1.1,1.1,1.5,12.1,6.4,7.2,0.513,NYK,10.7,-0.2,0
Anthony Tolliver,1.7,0.561,3.0,4.5,0.436,10.4,2.6,7.5,32,0.6,1.1,1.5,-0.8,5.4,12.3,110,6.2,0.46399999999999997,13.4,3.0,0.797,3.8,79,14,1757.0,2.3,1.4,3.1,126,13.9,4.1,20.0,PF,0.9,0.9,1.6,9.9,6.8,7.6,0.6629999999999999,DET,14.8,1.5,2
P.J. Tucker,1.2,0.435,2.8,2.5,0.371,6.7,1.7,4.6,32,0.6,1.0,0.0,1.5,7.9,17.8,106,3.7,0.39,9.5,0.9,0.7170000000000001,1.3,82,34,2281.0,-1.5,2.0,4.6,107,8.3,4.4,10.8,PF,1.7,1.7,1.6,13.7,9.9,11.3,0.537,HOU,10.5,1.2,0
Noah Vonleh,4.7,0.5,9.5,1.1,0.303,3.7,1.9,5.7,22,1.0,1.6,-3.1,0.3,13.6,30.2,106,5.9,0.444,13.2,2.0,0.621,3.3,54,16,875.0,-3.4,3.9,8.5,106,12.8,3.8,14.9,PF,1.1,1.1,1.7,10.7,17.5,19.2,0.509,TOT,14.5,-0.2,3
Marvin Williams,3.2,0.512,6.3,3.1,0.413,7.4,2.3,7.0,31,0.9,1.6,1.7,0.5,7.2,16.2,109,6.3,0.45799999999999996,13.7,2.5,0.8290000000000001,3.0,78,78,2006.0,1.1,1.8,3.9,118,13.9,2.8,18.1,PF,1.4,1.4,1.6,9.7,9.0,10.0,0.603,CHO,14.8,1.9,2
Justise Winslow,4.7,0.44,10.7,1.5,0.38,3.9,4.4,13.0,21,1.0,1.7,-1.0,1.7,9.1,20.4,105,6.2,0.424,14.6,2.0,0.635,3.1,68,25,1680.0,-2.7,1.9,4.3,101,11.5,4.2,15.8,PF,1.6,1.6,2.3,12.6,11.1,12.3,0.496,MIA,16.3,0.4,2
Thaddeus Young,7.0,0.531,13.1,1.1,0.32,3.5,2.9,8.5,29,0.7,1.2,1.5,1.4,6.3,14.1,107,8.1,0.48700000000000004,16.6,1.1,0.598,1.8,81,81,2607.0,0.1,3.5,8.0,108,14.8,3.4,18.3,PF,2.6,2.6,2.0,10.4,9.8,11.1,0.528,IND,17.3,2.3,2
