Name,2P,2P%,2PA,3P,3P%,3PA,AST,AST%,Age,BLK,BLK%,BPM,DBPM,DRB,DRB%,DRtg,FG,FG%,FGA,FT,FT%,FTA,G,GS,MP,OBPM,ORB,ORB%,ORtg,PER,PF,PTS,Pos,STL,STL%,TOV,TOV%,TRB,TRB%,TS%,Tm,USG%,VORP,pg_cluster
D.J. Augustin,3.6,0.485,7.5,3.2,0.419,7.6,8.0,24.4,30,0.0,0.0,-0.9,-2.5,3.6,8.2,113,6.8,0.452,15.0,4.6,0.868,5.3,75,36,1760.0,1.5,0.8,1.9,116,15.4,2.6,21.3,PG,1.5,1.5,3.4,16.5,4.5,5.0,0.615,ORL,18.6,0.5,1
Lonzo Ball,3.0,0.42,7.2,2.4,0.305,7.9,10.1,29.2,20,1.2,2.0,1.7,2.5,7.8,17.3,106,5.5,0.36,15.2,0.9,0.451,1.9,52,50,1780.0,-0.8,1.9,4.2,97,12.5,3.1,14.2,PG,2.4,2.4,3.7,18.6,9.7,10.8,0.444,LAL,17.4,1.7,0
J.J. Barea,5.9,0.499,11.8,3.6,0.36700000000000005,9.8,13.6,45.1,33,0.1,0.2,0.1,-2.3,5.8,13.4,112,9.5,0.439,21.6,2.5,0.784,3.2,69,10,1603.0,2.4,0.5,1.0,109,17.8,2.6,25.1,PG,1.1,1.1,4.5,16.3,6.3,7.0,0.545,DAL,24.9,0.8,2
Eric Bledsoe,7.4,0.545,13.5,2.7,0.34700000000000003,7.7,7.9,25.7,28,0.9,1.5,2.1,-0.3,5.0,11.7,108,10.0,0.473,21.2,5.4,0.795,6.8,74,74,2322.0,2.4,1.1,2.6,108,19.7,4.0,28.2,PG,3.2,3.2,4.6,16.1,6.1,7.1,0.5820000000000001,TOT,26.1,2.4,2
Malcolm Brogdon,6.3,0.532,11.9,2.2,0.385,5.6,5.3,16.3,25,0.5,0.8,-1.3,-1.9,4.6,10.8,113,8.5,0.485,17.5,2.6,0.882,3.0,48,20,1436.0,0.6,0.8,1.9,112,14.3,4.4,21.7,PG,1.4,1.4,2.3,10.9,5.4,6.4,0.578,MIL,19.1,0.2,1
Jose Calderon,2.6,0.545,4.7,2.4,0.46399999999999997,5.2,6.3,17.4,36,0.1,0.2,-1.9,-2.0,3.8,8.5,115,5.0,0.503,9.9,1.3,0.8,1.6,57,32,914.0,0.1,0.8,1.7,122,11.3,4.3,13.7,PG,1.4,1.4,2.2,17.1,4.5,5.2,0.643,CLE,11.6,0.0,1
Michael Carter-Williams,3.6,0.365,9.9,0.8,0.237,3.4,6.8,19.4,26,1.3,2.3,-0.6,2.0,5.9,13.3,107,4.4,0.332,13.4,4.3,0.82,5.2,52,2,835.0,-2.6,2.2,4.7,98,10.8,5.8,14.0,PG,2.6,2.6,3.0,16.2,8.1,8.9,0.446,CHO,16.6,0.3,1
Mario Chalmers,4.1,0.456,9.0,1.9,0.27699999999999997,6.8,7.0,21.5,31,0.5,0.9,-2.7,-0.5,5.1,12.0,110,6.0,0.379,15.8,4.2,0.855,4.9,66,10,1421.0,-2.2,0.5,1.0,96,10.4,6.4,18.0,PG,2.8,2.8,4.2,18.8,5.6,6.4,0.503,MEM,19.6,-0.3,1
Darren Collison,5.4,0.508,10.7,2.4,0.46799999999999997,5.1,9.1,26.4,30,0.4,0.7,2.2,-1.0,3.5,7.8,110,7.8,0.495,15.8,3.1,0.882,3.6,69,64,2018.0,3.1,0.9,2.1,126,18.8,3.0,21.2,PG,2.3,2.3,2.1,10.9,4.4,5.0,0.61,IND,17.4,2.1,1
Stephen Curry,6.4,0.595,10.7,6.3,0.423,14.8,9.2,30.3,29,0.2,0.4,8.6,-1.3,6.6,14.4,108,12.6,0.495,25.5,8.2,0.9209999999999999,8.9,51,51,1631.0,9.9,1.1,2.7,125,28.2,3.4,39.8,PG,2.4,2.4,4.5,13.3,7.7,9.0,0.675,GSW,31.0,4.4,2
Malcolm Delaney,3.0,0.391,7.8,2.2,0.371,6.0,7.9,23.4,28,0.3,0.5,-3.6,-1.5,4.4,10.0,113,5.3,0.382,13.7,3.6,0.804,4.4,54,3,1014.0,-2.0,0.4,1.0,104,10.6,3.9,16.3,PG,1.7,1.7,3.2,16.9,4.8,5.5,0.519,ATL,16.9,-0.4,1
Spencer Dinwiddie,3.9,0.452,8.5,3.0,0.326,9.1,11.0,35.0,24,0.5,0.7,0.2,-1.8,4.6,10.2,112,6.8,0.387,17.6,4.6,0.813,5.6,80,58,2306.0,2.1,0.8,1.8,114,15.9,3.9,21.2,PG,1.4,1.4,2.7,11.8,5.5,6.0,0.527,BRK,20.3,1.3,1
Goran Dragic,7.9,0.48100000000000004,16.4,2.3,0.37,6.3,7.6,25.4,31,0.3,0.4,-0.1,-1.1,5.3,12.0,109,10.2,0.45,22.7,4.6,0.8009999999999999,5.7,75,75,2378.0,1.0,1.1,2.5,108,16.6,3.8,27.4,PG,1.3,1.3,3.5,12.2,6.5,7.2,0.5429999999999999,MIA,25.7,1.2,2
Kris Dunn,7.8,0.457,17.0,1.4,0.321,4.3,9.9,33.3,23,0.9,1.6,-0.1,1.4,6.3,14.4,107,9.2,0.429,21.3,2.7,0.737,3.6,52,43,1525.0,-1.4,0.8,1.6,96,14.5,5.6,22.4,PG,3.3,3.3,4.8,17.3,7.1,7.8,0.488,CHI,24.7,0.7,1
Tyler Ennis,5.6,0.47600000000000003,11.8,1.0,0.25,3.9,7.4,21.9,23,0.7,1.2,-2.9,-0.1,5.3,11.8,108,6.6,0.42,15.7,1.5,0.759,2.0,54,11,683.0,-2.8,1.3,3.0,101,11.1,5.3,15.7,PG,2.1,2.1,2.7,13.8,6.7,7.4,0.473,LAL,17.1,-0.1,1
Jawun Evans,4.6,0.37200000000000005,12.4,0.9,0.278,3.4,6.3,17.8,21,0.4,0.6,-4.7,-0.5,4.7,10.4,111,5.6,0.35200000000000004,15.8,2.4,0.7759999999999999,3.1,48,4,778.0,-4.2,0.6,1.3,90,7.2,6.1,14.4,PG,2.3,2.3,2.8,13.8,5.3,5.9,0.42100000000000004,LAC,17.7,-0.5,1
Tyreke Evans,7.9,0.48200000000000004,16.5,3.6,0.39899999999999997,9.0,8.5,31.2,28,0.5,1.0,3.6,-0.8,7.0,16.3,111,11.5,0.452,25.5,5.2,0.785,6.6,52,32,1607.0,4.4,1.4,3.1,111,21.1,3.0,31.8,PG,1.8,1.8,3.7,11.5,8.3,9.5,0.561,MEM,28.4,2.3,2
Raymond Felton,5.2,0.444,11.7,2.9,0.35200000000000004,8.4,7.4,22.5,33,0.6,1.1,-2.8,-1.7,4.8,11.0,109,8.1,0.406,20.1,1.3,0.818,1.6,82,2,1365.0,-1.1,0.9,2.0,105,13.0,3.3,20.5,PG,1.8,1.8,2.8,11.7,5.7,6.3,0.494,OKC,20.4,-0.3,1
De'Aaron Fox,7.0,0.436,16.1,1.2,0.307,3.8,8.0,24.6,20,0.5,0.9,-4.4,-1.5,4.3,10.0,113,8.2,0.41200000000000003,19.9,3.5,0.723,4.9,73,60,2026.0,-2.8,0.8,1.8,94,11.2,4.1,21.1,PG,1.7,1.7,4.3,16.4,5.1,5.7,0.478,SAC,23.4,-1.2,1
Tim Frazier,3.0,0.44,6.9,1.0,0.304,3.3,11.5,31.1,27,0.4,0.7,-2.1,0.3,5.7,13.1,107,4.0,0.395,10.2,1.4,0.767,1.8,59,11,838.0,-2.4,1.1,2.4,105,11.3,5.7,10.4,PG,2.8,2.8,3.4,23.5,6.8,7.8,0.475,WAS,12.8,0.0,1
Jerian Grant,4.3,0.46799999999999997,9.1,1.8,0.326,5.4,9.9,30.1,25,0.2,0.4,-2.0,-1.8,4.1,9.3,112,6.1,0.41600000000000004,14.6,4.1,0.745,5.4,74,26,1686.0,-0.1,0.9,1.9,112,14.3,3.8,17.9,PG,1.8,1.8,2.6,13.2,5.0,5.5,0.528,CHI,17.4,0.0,1
Devin Harris,4.0,0.47600000000000003,8.5,2.9,0.348,8.5,5.7,16.9,34,0.4,0.8,-2.0,-1.9,4.3,9.8,111,7.0,0.41200000000000003,16.9,5.3,0.835,6.3,71,1,1340.0,-0.1,0.4,1.0,110,13.0,5.9,22.2,PG,1.8,1.8,2.8,12.6,4.7,5.3,0.563,TOT,20.2,0.0,1
Andrew Harrison,5.1,0.467,10.9,1.8,0.331,5.4,6.7,21.3,23,1.0,1.8,-2.5,-1.5,4.1,9.7,113,6.9,0.42200000000000004,16.4,4.7,0.78,6.1,56,46,1326.0,-0.9,0.9,2.0,106,12.7,5.3,20.3,PG,1.4,1.4,3.1,14.0,5.0,5.7,0.534,MEM,19.6,-0.2,1
George Hill,4.2,0.49,8.5,2.3,0.415,5.7,5.1,15.0,31,0.7,1.3,-0.6,-0.9,3.8,8.9,113,6.5,0.46,14.1,3.0,0.7859999999999999,3.9,67,60,1812.0,0.3,1.2,2.6,113,13.3,3.5,18.4,PG,1.7,1.7,2.4,13.3,5.0,5.7,0.58,TOT,16.3,0.6,1
Kyrie Irving,9.5,0.541,17.6,4.3,0.408,10.5,7.9,30.7,25,0.4,0.7,6.2,-0.7,5.0,10.8,106,13.8,0.491,28.1,6.0,0.889,6.8,60,60,1931.0,6.9,0.9,1.9,118,25.0,3.2,37.9,PG,1.7,1.7,3.6,10.4,5.9,6.4,0.61,BOS,31.0,4.0,2
Jarrett Jack,5.3,0.45899999999999996,11.4,0.8,0.29100000000000004,2.8,11.1,31.3,34,0.1,0.2,-3.5,-1.7,5.4,12.1,114,6.1,0.42700000000000005,14.2,2.0,0.84,2.4,62,56,1548.0,-1.9,0.7,1.6,103,11.5,3.1,14.9,PG,1.1,1.1,3.7,19.5,6.1,6.8,0.489,NYK,16.7,-0.6,1
Reggie Jackson,8.1,0.475,16.9,2.2,0.308,7.0,9.9,32.8,27,0.2,0.3,-1.5,-2.3,4.0,9.0,111,10.2,0.426,24.0,4.7,0.836,5.6,45,45,1201.0,0.8,1.2,2.6,105,15.9,3.6,27.2,PG,1.1,1.1,4.1,13.5,5.2,5.7,0.516,DET,27.1,0.2,2
Tyler Johnson,4.6,0.491,9.5,2.9,0.36700000000000005,7.9,4.0,12.4,25,0.8,1.4,-0.2,-0.1,5.2,11.7,108,7.6,0.435,17.4,2.6,0.8220000000000001,3.2,72,39,2052.0,-0.1,0.8,1.9,109,13.0,3.6,20.6,PG,1.5,1.5,2.0,9.5,6.1,6.8,0.5489999999999999,MIA,18.6,0.9,1
Tyus Jones,3.6,0.528,6.8,1.5,0.349,4.4,7.9,21.2,21,0.2,0.4,0.5,-0.3,4.0,9.2,110,5.1,0.457,11.2,2.4,0.877,2.8,82,11,1467.0,0.8,0.5,1.2,119,14.1,3.7,14.2,PG,3.2,3.2,2.0,14.0,4.5,5.2,0.5720000000000001,MIN,12.7,0.9,1
Cory Joseph,4.3,0.457,9.4,1.5,0.353,4.3,5.9,16.1,26,0.4,0.7,-1.2,0.1,5.1,11.4,110,5.8,0.424,13.7,1.6,0.745,2.1,82,17,2210.0,-1.3,0.9,2.0,106,11.0,3.2,14.7,PG,1.8,1.8,2.0,11.9,5.9,6.7,0.503,IND,14.8,0.5,1
Shane Larkin,3.4,0.39799999999999996,8.6,2.0,0.36,5.5,6.3,18.5,25,0.1,0.3,-2.1,0.2,5.0,10.7,106,5.4,0.384,14.1,2.1,0.865,2.4,54,2,775.0,-2.3,1.0,2.1,104,10.4,3.7,14.9,PG,1.9,1.9,2.1,12.3,5.9,6.5,0.491,BOS,15.5,0.0,1
Damian Lillard,7.3,0.501,14.6,4.2,0.361,11.7,9.0,30.9,27,0.5,0.8,6.7,-1.0,4.9,10.6,109,11.6,0.439,26.4,9.2,0.9159999999999999,10.0,73,73,2670.0,7.7,1.2,2.6,120,25.2,2.2,36.6,PG,1.4,1.4,3.8,11.1,6.1,6.6,0.594,POR,30.6,5.9,2
Shaun Livingston,7.3,0.509,14.4,0.0,0.0,0.2,6.0,16.8,32,0.9,1.5,-3.5,-0.9,4.2,9.2,110,7.3,0.501,14.6,2.1,0.82,2.6,71,7,1129.0,-2.6,1.4,3.4,108,11.6,5.0,16.8,PG,1.5,1.5,2.5,13.6,5.6,6.5,0.5329999999999999,GSW,16.7,-0.4,1
Kyle Lowry,3.2,0.474,6.8,4.7,0.39899999999999997,11.7,10.5,30.9,31,0.4,0.6,5.9,0.5,7.2,16.1,107,7.9,0.42700000000000005,18.5,4.4,0.8540000000000001,5.1,78,78,2510.0,5.4,1.3,3.0,120,19.5,3.8,24.9,PG,1.7,1.7,3.6,14.7,8.5,9.7,0.598,TOR,21.7,5.0,2
Shelvin Mack,4.7,0.473,9.9,1.7,0.345,5.0,9.8,29.5,27,0.3,0.5,-2.4,-1.2,5.1,11.6,111,6.4,0.43,14.8,2.5,0.711,3.5,69,3,1365.0,-1.2,0.8,1.8,106,13.3,3.3,17.0,PG,1.9,1.9,3.2,16.3,6.0,6.7,0.518,ORL,17.6,-0.1,1
Frank Mason,5.8,0.384,15.1,1.6,0.36,4.4,7.6,22.7,23,0.5,1.0,-3.4,-1.4,5.1,12.1,112,7.4,0.379,19.5,4.8,0.8170000000000001,5.9,52,2,984.0,-2.0,1.5,3.3,100,13.0,3.7,21.2,PG,1.7,1.7,3.3,13.1,6.7,7.5,0.48,SAC,22.6,-0.4,1
T.J. McConnell,5.2,0.51,10.1,0.8,0.435,1.7,8.5,24.5,25,0.4,0.6,-0.7,1.1,5.3,11.5,105,5.9,0.499,11.9,0.9,0.795,1.1,76,1,1706.0,-1.8,1.0,2.4,109,12.5,3.4,13.5,PG,2.6,2.6,3.2,20.4,6.4,7.1,0.545,PHI,13.8,0.5,1
Patty Mills,3.0,0.47,6.4,3.7,0.37200000000000005,9.9,5.5,16.0,29,0.3,0.4,-0.4,-1.3,3.1,6.8,109,6.7,0.41100000000000003,16.4,2.5,0.89,2.8,82,36,2107.0,0.9,0.6,1.4,109,11.8,3.1,19.6,PG,1.3,1.3,2.5,12.6,3.7,4.1,0.5579999999999999,SAS,17.8,0.9,1
Emmanuel Mudiay,6.3,0.415,15.0,1.9,0.318,5.9,8.2,24.5,21,0.4,0.8,-4.7,-2.1,5.0,11.3,113,8.1,0.38799999999999996,20.9,3.9,0.76,5.1,64,14,1245.0,-2.6,1.0,2.3,96,11.5,3.2,22.0,PG,1.6,1.6,4.5,16.2,6.1,6.8,0.474,TOT,24.3,-0.9,1
Dejounte Murray,7.6,0.45399999999999996,16.7,0.3,0.265,1.0,6.7,20.2,21,0.9,1.5,1.2,3.4,10.1,22.4,101,7.8,0.44299999999999995,17.7,3.0,0.7090000000000001,4.3,81,48,1743.0,-2.2,3.2,7.0,99,15.1,4.4,19.0,PG,2.8,2.8,3.9,16.6,13.3,14.6,0.485,SAS,20.7,1.4,0
Jamal Murray,6.1,0.502,12.1,3.2,0.37799999999999995,8.4,5.3,16.4,20,0.5,0.9,-0.2,-2.0,4.2,9.4,113,9.3,0.451,20.5,4.4,0.905,4.9,81,80,2565.0,1.8,1.6,3.6,112,16.1,3.3,26.1,PG,1.5,1.5,3.3,12.8,5.7,6.5,0.5760000000000001,DEN,22.8,1.2,1
Shabazz Napier,4.6,0.45,10.1,2.7,0.376,7.1,4.9,14.6,26,0.5,0.7,0.2,0.3,4.7,10.1,106,7.2,0.42,17.2,3.8,0.841,4.5,74,10,1535.0,-0.2,0.8,1.9,107,14.2,2.7,20.9,PG,2.6,2.6,2.9,13.2,5.5,6.0,0.544,POR,19.5,0.8,1
Jameer Nelson,2.6,0.45,5.7,1.9,0.331,5.9,8.5,22.8,35,0.2,0.3,-4.0,-1.5,4.3,9.5,112,4.5,0.389,11.6,0.8,0.8,0.9,50,0,1013.0,-2.6,0.6,1.4,99,8.1,3.8,11.7,PG,1.3,1.3,3.2,21.0,4.9,5.6,0.489,TOT,13.7,-0.5,1
Raul Neto,5.0,0.48100000000000004,10.5,1.9,0.40399999999999997,4.7,7.6,23.0,25,0.4,0.7,-3.2,-1.1,4.2,9.5,108,6.9,0.457,15.2,2.6,0.743,3.5,41,0,498.0,-2.1,0.7,1.6,105,11.9,3.8,18.4,PG,1.3,1.3,3.6,17.8,4.9,5.6,0.55,UTA,18.3,-0.1,1
Frank Ntilikina,3.8,0.385,10.0,1.5,0.318,4.6,7.3,20.0,19,0.5,0.9,-3.9,-0.5,4.1,9.1,112,5.3,0.364,14.5,1.4,0.721,2.0,78,9,1706.0,-3.5,1.1,2.4,89,7.0,5.3,13.5,PG,1.9,1.9,3.8,19.8,5.1,5.8,0.43700000000000006,NYK,16.9,-0.8,1
Tony Parker,7.9,0.479,16.6,0.5,0.27,1.7,9.2,28.2,35,0.0,0.1,-4.1,-1.7,4.2,9.2,109,8.4,0.45899999999999996,18.3,2.6,0.705,3.7,55,21,1071.0,-2.4,0.3,0.7,103,12.7,2.5,19.9,PG,1.3,1.3,3.2,13.9,4.5,4.9,0.498,SAS,20.5,-0.6,1
Chris Paul,5.9,0.532,11.2,3.8,0.38,10.1,12.2,40.9,32,0.4,0.6,7.1,0.9,7.4,16.7,105,9.8,0.46,21.3,5.4,0.919,5.9,58,58,1847.0,6.2,1.0,2.3,126,24.4,3.8,28.8,PG,2.6,2.6,3.4,12.5,8.3,9.5,0.604,HOU,24.5,4.3,2
Elfrid Payton,8.0,0.52,15.5,0.8,0.326,2.5,10.6,34.9,23,0.6,1.0,0.1,0.0,5.6,12.8,111,8.8,0.493,17.9,2.9,0.649,4.5,63,63,1808.0,0.1,1.7,3.8,105,16.5,4.0,21.4,PG,2.2,2.2,4.5,18.5,7.4,8.2,0.5379999999999999,TOT,21.9,1.0,1
Rajon Rondo,5.1,0.526,9.6,1.4,0.33299999999999996,4.2,14.9,42.2,31,0.3,0.5,-1.1,-0.7,6.5,14.2,109,6.5,0.46799999999999997,13.8,0.7,0.5429999999999999,1.3,65,63,1705.0,-0.4,0.9,2.0,109,15.3,3.3,15.0,PG,2.0,2.0,4.2,22.7,7.4,8.4,0.522,NOP,16.9,0.4,1
Terry Rozier,3.9,0.41,9.6,3.7,0.381,9.7,5.6,17.5,23,0.5,0.8,1.8,1.0,7.6,16.3,104,7.6,0.395,19.3,2.8,0.772,3.6,80,16,2068.0,0.8,1.5,3.4,109,15.1,3.0,21.7,PG,1.9,1.9,1.9,8.5,9.1,9.9,0.52,BOS,20.4,2.0,1
Ricky Rubio,5.6,0.451,12.3,2.1,0.35200000000000004,6.1,9.1,28.4,27,0.2,0.4,1.7,1.6,6.8,15.3,103,7.7,0.418,18.4,4.9,0.866,5.7,77,77,2254.0,0.1,1.0,2.2,105,15.4,4.6,22.4,PG,2.7,2.7,4.6,18.1,7.8,8.8,0.537,UTA,22.9,2.1,1
D'Angelo Russell,7.4,0.47700000000000004,15.5,3.5,0.324,10.9,9.8,35.7,21,0.7,1.0,-0.4,-1.2,6.3,13.8,111,10.9,0.414,26.4,3.8,0.74,5.2,48,35,1234.0,0.8,1.2,2.6,98,15.2,3.7,29.2,PG,1.4,1.4,5.8,16.8,7.4,8.1,0.509,BRK,30.8,0.5,2
Dennis Schroder,10.0,0.48,20.8,1.8,0.29,6.2,9.8,36.2,24,0.1,0.2,-0.7,-2.2,3.9,8.8,113,11.8,0.436,26.9,5.3,0.8490000000000001,6.2,67,67,2078.0,1.5,1.0,2.4,104,17.3,3.5,30.6,PG,1.7,1.7,4.3,12.7,4.9,5.6,0.515,ATL,30.4,0.7,2
Ben Simmons,9.6,0.551,17.4,0.0,0.0,0.2,11.6,37.4,21,1.2,2.1,4.6,3.6,9.0,19.5,102,9.6,0.545,17.6,3.4,0.56,6.0,81,81,2732.0,1.0,2.6,5.9,111,20.0,3.7,22.5,PG,2.5,2.5,4.9,19.5,11.6,13.0,0.557,PHI,22.3,4.6,0
Dennis Smith,7.3,0.435,16.8,2.6,0.313,8.3,8.8,29.5,20,0.4,0.8,-2.3,-0.7,5.1,11.8,110,9.9,0.395,25.1,3.3,0.6940000000000001,4.7,69,69,2049.0,-1.5,1.2,2.6,93,12.8,3.7,25.7,PG,1.7,1.7,4.8,15.0,6.4,7.0,0.473,DAL,28.9,-0.1,1
Ish Smith,8.6,0.506,17.1,0.9,0.34700000000000003,2.5,8.8,28.4,29,0.5,0.9,-1.2,-0.6,4.8,10.9,109,9.5,0.486,19.6,2.0,0.698,2.8,82,35,2043.0,-0.6,0.7,1.4,109,15.4,3.4,21.8,PG,1.6,1.6,2.6,11.2,5.5,6.1,0.525,DET,20.8,0.4,1
Isaiah Taylor,6.0,0.461,13.0,0.8,0.25,3.3,8.6,27.0,23,0.4,0.7,-5.4,-2.5,3.0,6.9,114,6.8,0.418,16.3,4.1,0.7020000000000001,5.9,67,9,1167.0,-2.9,0.9,2.1,101,10.9,4.9,18.6,PG,1.4,1.4,3.5,15.7,3.9,4.5,0.49200000000000005,ATL,20.1,-1.0,1
Jeff Teague,5.8,0.47700000000000004,12.2,1.8,0.368,4.9,10.6,30.6,29,0.5,0.8,0.2,-1.3,4.0,9.3,112,7.7,0.446,17.2,4.4,0.845,5.2,70,70,2311.0,1.5,0.5,1.2,111,16.4,3.7,21.5,PG,2.2,2.2,3.8,16.4,4.5,5.2,0.5529999999999999,MIN,20.6,1.3,1
Milos Teodosic,2.7,0.49200000000000005,5.5,3.8,0.379,9.9,9.0,26.2,30,0.2,0.4,-1.4,-2.2,4.7,10.5,114,6.5,0.419,15.4,1.7,0.848,2.0,45,36,1134.0,0.8,0.7,1.6,107,11.6,4.4,18.4,PG,1.0,1.0,4.2,20.3,5.4,6.1,0.564,LAC,18.2,0.2,1
Tyler Ulis,5.0,0.425,11.7,1.2,0.28800000000000003,4.2,9.0,28.0,22,0.2,0.3,-5.2,-2.4,3.0,6.8,115,6.2,0.38799999999999996,15.9,2.4,0.8320000000000001,2.9,71,43,1658.0,-2.8,0.7,1.5,96,10.1,3.5,16.0,PG,2.0,2.0,3.7,17.6,3.7,4.1,0.465,PHO,18.5,-1.3,1
Fred VanVleet,4.0,0.43700000000000006,9.2,3.5,0.414,8.5,7.9,22.8,23,0.6,1.0,1.9,0.1,5.2,11.5,106,7.5,0.426,17.7,2.7,0.8320000000000001,3.3,76,0,1520.0,1.9,0.8,1.9,115,15.9,4.2,21.3,PG,2.2,2.2,2.4,11.2,6.0,6.8,0.556,TOR,19.1,1.5,1
Kemba Walker,6.4,0.469,13.6,4.1,0.384,10.7,7.9,27.4,27,0.4,0.7,3.2,-1.9,3.9,8.7,111,10.5,0.431,24.3,6.5,0.8640000000000001,7.5,80,80,2736.0,5.1,0.6,1.2,115,20.6,1.7,31.5,PG,1.6,1.6,3.2,10.4,4.4,4.9,0.5720000000000001,CHO,27.4,3.6,2
John Wall,7.7,0.436,17.6,2.2,0.371,5.9,13.8,44.5,27,1.6,2.8,1.5,0.0,4.5,10.2,108,9.9,0.42,23.5,6.2,0.726,8.5,41,41,1410.0,1.6,0.8,1.8,105,19.1,2.8,28.1,PG,2.0,2.0,5.6,17.0,5.3,6.0,0.515,WAS,29.1,1.2,2
Russell Westbrook,11.2,0.485,23.2,1.7,0.298,5.6,14.0,49.8,29,0.3,0.6,8.2,3.1,11.1,25.7,104,12.9,0.449,28.7,7.1,0.737,9.6,80,80,2914.0,5.1,2.6,5.6,109,24.7,3.4,34.5,PG,2.5,2.5,6.5,16.4,13.7,15.3,0.524,OKC,34.1,7.5,0
Delon Wright,5.0,0.52,9.6,1.9,0.366,5.3,6.9,19.6,25,1.1,1.8,2.8,1.6,5.3,11.7,105,6.9,0.465,14.9,3.3,0.8290000000000001,4.0,69,4,1433.0,1.2,1.5,3.6,116,16.5,2.8,19.1,PG,2.5,2.5,2.7,13.9,6.8,7.7,0.574,TOR,17.2,1.7,1
Joe Young,4.9,0.45799999999999996,10.7,2.2,0.379,5.9,3.5,9.9,25,0.1,0.2,-4.7,-2.3,4.6,10.3,112,7.2,0.43,16.7,2.0,0.759,2.6,53,1,558.0,-2.4,1.1,2.4,102,10.1,3.5,18.5,PG,1.3,1.3,2.3,11.6,5.6,6.4,0.521,IND,18.0,-0.4,1
