Name,2P,2P%,2PA,3P,3P%,3PA,AST,AST%,Age,BLK,BLK%,BPM,DBPM,DRB,DRB%,DRtg,FG,FG%,FGA,FT,FT%,FTA,G,GS,MP,OBPM,ORB,ORB%,ORtg,PER,PF,PTS,Pos,STL,STL%,TOV,TOV%,TRB,TRB%,TS%,Tm,USG%,VORP,sf_cluster
Kyle Anderson,5.4,0.556,9.7,0.5,0.33299999999999996,1.5,5.2,14.7,24,1.5,2.5,4.1,4.3,8.0,17.6,101,5.9,0.527,11.2,2.7,0.7120000000000001,3.7,74,67,1978.0,-0.3,2.1,4.7,114,15.9,2.9,14.9,SF,2.9,2.9,2.4,15.8,10.1,11.1,0.5820000000000001,SAS,13.5,3.0,2
OG Anunoby,3.0,0.604,5.0,2.4,0.371,6.6,1.8,5.0,20,0.5,0.8,0.6,0.4,4.7,10.4,108,5.4,0.47100000000000003,11.5,1.3,0.629,2.1,74,62,1481.0,0.2,1.5,3.4,113,10.0,4.3,14.6,SF,1.7,1.7,1.5,10.8,6.1,7.0,0.5870000000000001,TOR,12.4,1.0,0
Trevor Ariza,2.1,0.519,4.1,3.7,0.368,10.0,2.3,6.8,32,0.3,0.5,1.5,0.7,5.7,12.9,107,5.8,0.41200000000000003,14.1,1.6,0.8540000000000001,1.9,67,67,2269.0,0.8,0.7,1.7,114,11.8,2.9,17.0,SF,2.1,2.1,1.1,7.0,6.4,7.3,0.5670000000000001,HOU,14.4,2.0,0
Luke Babbitt,2.1,0.525,4.1,4.1,0.385,10.7,2.1,6.5,28,0.5,0.8,-3.2,-2.2,6.1,13.9,113,6.3,0.423,14.8,1.2,0.773,1.5,50,14,715.0,-1.0,0.5,1.1,109,9.8,3.7,17.8,SF,0.5,0.5,1.3,7.8,6.6,7.5,0.5760000000000001,TOT,15.0,-0.2,0
Bojan Bogdanovic,5.1,0.534,9.5,3.1,0.402,7.8,2.4,7.1,28,0.2,0.3,-0.7,-1.9,4.9,10.9,112,8.2,0.474,17.3,3.6,0.868,4.2,80,80,2464.0,1.1,0.6,1.4,114,13.9,2.6,23.1,SF,1.1,1.1,2.1,10.1,5.5,6.2,0.605,IND,19.0,0.8,0
Corey Brewer,4.5,0.539,8.3,1.2,0.282,4.4,2.6,7.5,31,0.6,1.0,-0.6,1.0,4.5,10.0,106,5.7,0.449,12.7,2.6,0.722,3.6,72,18,1208.0,-1.6,1.7,3.8,107,11.2,5.6,15.3,SF,3.2,3.2,2.0,12.1,6.2,6.9,0.534,TOT,14.3,0.4,2
Dillon Brooks,5.3,0.484,10.9,2.0,0.35600000000000004,5.7,2.9,9.3,22,0.4,0.7,-3.1,-1.3,4.5,10.5,113,7.3,0.44,16.6,2.7,0.747,3.6,82,74,2350.0,-1.8,1.1,2.4,100,9.8,5.0,19.3,SF,1.6,1.6,2.7,12.8,5.5,6.3,0.531,MEM,18.5,-0.7,0
Reggie Bullock,4.1,0.536,7.6,3.6,0.445,8.1,2.7,8.4,26,0.4,0.7,0.7,-0.7,3.7,8.3,110,7.7,0.489,15.7,1.1,0.7959999999999999,1.4,62,52,1732.0,1.3,0.8,1.7,118,13.6,2.0,20.1,SF,1.4,1.4,1.4,7.6,4.4,4.9,0.615,DET,15.7,1.2,0
DeMarre Carroll,4.0,0.457,8.8,3.2,0.371,8.7,3.3,10.5,31,0.7,1.0,0.2,-0.3,8.3,18.4,110,7.2,0.414,17.5,4.2,0.764,5.5,73,73,2180.0,0.4,2.3,5.1,109,14.3,3.7,21.9,SF,1.3,1.3,2.3,10.3,10.7,11.7,0.55,BRK,19.8,1.2,1
Vince Carter,2.8,0.483,5.8,2.8,0.345,8.1,3.4,9.7,41,1.3,2.4,-1.1,0.4,6.4,15.1,110,5.6,0.40299999999999997,14.0,1.4,0.757,1.8,58,5,1026.0,-1.5,0.9,1.9,103,10.8,4.7,15.4,SF,2.1,2.1,1.8,10.7,7.3,8.2,0.523,SAC,14.7,0.2,0
Omri Casspi,7.2,0.595,12.0,0.7,0.455,1.4,3.3,9.5,29,1.2,2.0,-1.4,0.0,11.1,24.0,107,7.8,0.58,13.5,3.3,0.725,4.5,53,7,740.0,-1.5,2.0,4.9,117,15.5,4.6,19.5,SF,1.2,1.2,2.4,13.5,13.0,15.1,0.632,GSW,16.3,0.1,2
Wilson Chandler,4.1,0.501,8.1,1.9,0.358,5.2,3.4,9.5,30,0.8,1.4,-0.9,-0.4,6.3,14.1,113,5.9,0.445,13.3,1.9,0.772,2.4,74,71,2346.0,-0.5,2.2,4.9,110,11.0,3.3,15.6,SF,0.9,0.9,1.9,11.9,8.4,9.6,0.542,DEN,14.3,0.6,0
Robert Covington,2.7,0.49700000000000005,5.4,3.9,0.369,10.4,3.0,8.7,27,1.4,2.4,2.5,2.1,7.2,15.5,103,6.6,0.413,15.9,2.2,0.853,2.6,80,80,2532.0,0.4,1.0,2.4,107,12.9,4.5,19.2,SF,2.6,2.6,2.4,12.3,8.2,9.2,0.563,PHI,17.2,2.9,2
Jae Crowder,3.8,0.488,7.8,2.6,0.32299999999999995,8.1,2.3,6.9,27,0.5,0.9,-1.7,-0.9,5.1,11.5,111,6.4,0.40399999999999997,15.9,2.9,0.818,3.5,80,47,2090.0,-0.8,1.4,3.2,105,10.4,4.4,18.3,SF,1.5,1.5,1.7,9.1,6.5,7.4,0.525,TOT,17.3,0.1,0
Dante Cunningham,3.3,0.541,6.0,1.8,0.345,5.2,1.5,4.3,30,0.9,1.5,-1.4,0.1,6.8,14.9,110,5.0,0.451,11.2,1.0,0.596,1.6,73,25,1562.0,-1.4,2.4,5.5,110,10.0,3.4,12.8,SF,1.2,1.2,1.0,7.9,9.2,10.3,0.539,TOT,11.6,0.2,0
James Ennis,4.1,0.5670000000000001,7.2,1.6,0.33299999999999996,4.8,2.2,6.6,27,0.6,1.0,-1.1,-0.5,4.7,11.0,112,5.7,0.474,12.0,3.0,0.836,3.6,72,22,1604.0,-0.6,2.3,5.1,115,11.6,4.2,16.1,SF,1.5,1.5,1.8,11.4,7.0,8.0,0.588,TOT,13.7,0.4,0
Evan Fournier,6.4,0.516,12.4,3.4,0.379,8.9,4.4,14.8,25,0.4,0.7,-0.4,-2.1,4.2,9.5,113,9.8,0.45899999999999996,21.4,4.0,0.867,4.6,57,57,1837.0,1.6,0.6,1.4,110,15.5,3.7,27.0,SF,1.3,1.3,2.5,9.8,4.8,5.4,0.5770000000000001,ORL,23.3,0.7,1
Paul George,5.7,0.45399999999999996,12.5,4.2,0.401,10.5,4.5,14.5,27,0.7,1.2,2.6,0.0,6.4,14.9,106,9.9,0.43,23.0,5.8,0.8220000000000001,7.1,79,79,2891.0,2.5,1.2,2.7,112,18.7,4.0,29.8,SF,2.8,2.8,3.6,12.2,7.7,8.6,0.57,OKC,25.7,3.3,1
Maurice Harkless,3.9,0.547,7.0,1.9,0.415,4.6,2.1,6.0,24,1.7,2.8,1.8,2.0,4.6,9.9,106,5.8,0.495,11.7,1.7,0.7120000000000001,2.3,59,36,1264.0,-0.2,1.8,4.0,117,12.6,4.1,15.2,SF,1.9,1.9,1.6,11.0,6.4,7.0,0.596,POR,12.6,1.2,2
Mario Hezonja,5.4,0.523,10.3,2.7,0.337,7.9,3.1,10.0,22,0.9,1.5,-0.8,0.2,7.1,16.1,108,8.1,0.442,18.2,2.5,0.8190000000000001,3.1,75,30,1657.0,-1.0,1.2,2.7,103,13.7,4.0,21.3,SF,2.4,2.4,2.5,11.5,8.3,9.3,0.544,ORL,19.9,0.5,2
Rondae Hollis-Jefferson,8.3,0.491,16.9,0.3,0.24100000000000002,1.4,4.2,14.2,23,1.2,1.9,-0.4,1.1,9.1,20.0,109,8.6,0.47200000000000003,18.3,6.3,0.7879999999999999,8.0,68,59,1920.0,-1.5,2.6,5.5,108,16.9,3.7,23.9,SF,1.6,1.6,3.1,12.3,11.6,12.7,0.5479999999999999,BRK,22.2,0.8,1
Andre Iguodala,3.4,0.5670000000000001,6.0,1.0,0.282,3.5,6.2,16.2,34,1.1,1.9,0.2,0.9,5.8,12.6,109,4.4,0.46299999999999997,9.5,1.6,0.632,2.6,64,7,1622.0,-0.7,1.5,3.7,113,11.2,2.9,11.4,SF,1.6,1.6,2.0,15.8,7.3,8.5,0.536,GSW,11.5,0.9,2
Joe Ingles,2.5,0.516,4.9,4.0,0.44,9.0,7.6,22.9,30,0.4,0.7,3.1,1.0,6.2,13.9,106,6.5,0.467,14.0,1.3,0.795,1.6,82,81,2578.0,2.1,0.5,1.1,115,14.4,3.5,18.3,SF,1.8,1.8,3.1,17.4,6.7,7.6,0.623,UTA,15.9,3.3,2
Brandon Ingram,7.7,0.483,15.9,1.0,0.39,2.5,5.6,17.7,20,1.0,1.8,-1.3,0.3,6.2,13.8,109,8.7,0.47,18.4,4.7,0.6809999999999999,6.8,59,59,1975.0,-1.6,1.4,3.1,104,13.8,3.9,23.0,SF,1.1,1.1,3.6,14.4,7.6,8.5,0.536,LAL,22.2,0.4,1
Wesley Iwundu,4.0,0.488,8.3,0.4,0.196,2.2,2.7,7.8,23,0.6,0.9,-3.5,0.2,4.8,11.0,112,4.5,0.42700000000000005,10.5,1.6,0.723,2.3,62,12,1020.0,-3.7,1.7,3.9,100,7.8,3.9,11.0,SF,1.6,1.6,1.4,11.2,6.6,7.4,0.48,ORL,11.6,-0.4,0
Josh Jackson,8.1,0.46399999999999997,17.5,1.4,0.263,5.3,2.9,10.1,20,0.9,1.4,-4.3,-1.2,6.3,14.2,112,9.5,0.41700000000000004,22.8,4.3,0.634,6.8,77,35,1959.0,-3.1,2.3,5.1,93,11.8,5.3,24.7,SF,2.0,2.0,3.6,12.2,8.6,9.6,0.48,PHO,26.0,-1.1,1
Justin Jackson,4.3,0.547,7.9,1.9,0.308,6.2,2.5,7.2,22,0.4,0.8,-3.5,-1.5,5.4,12.6,114,6.2,0.442,14.1,0.9,0.722,1.2,68,41,1506.0,-2.0,0.9,2.0,103,9.2,2.7,15.2,SF,0.9,0.9,1.3,8.4,6.3,7.1,0.521,SAC,14.2,-0.6,0
Joe Johnson,4.4,0.493,8.9,1.7,0.276,6.0,3.4,10.2,36,0.3,0.5,-3.8,-0.4,6.5,14.7,109,6.0,0.406,14.9,1.7,0.889,1.9,55,4,1205.0,-3.4,0.6,1.3,98,8.1,2.8,15.4,SF,0.7,0.7,2.0,11.4,7.1,8.1,0.49,TOT,15.9,-0.5,0
Stanley Johnson,3.8,0.439,8.6,1.8,0.28600000000000003,6.2,2.9,8.5,21,0.4,0.7,-1.5,1.1,5.8,13.0,107,5.5,0.375,14.7,2.9,0.772,3.8,69,50,1894.0,-2.6,0.9,1.9,97,9.0,4.5,15.8,SF,2.5,2.5,2.0,11.0,6.6,7.3,0.48,DET,16.4,0.2,0
Wesley Johnson,2.9,0.47100000000000003,6.2,2.0,0.33899999999999997,5.8,2.0,5.6,30,2.0,3.5,0.3,2.3,6.1,13.6,107,4.9,0.408,12.0,1.4,0.741,1.9,74,40,1486.0,-2.0,0.9,2.2,99,9.8,4.8,13.2,SF,2.5,2.5,1.8,12.3,7.1,8.0,0.512,LAC,13.0,0.9,2
Michael Kidd-Gilchrist,7.4,0.505,14.7,0.0,0.0,0.1,1.9,5.9,24,0.8,1.4,-1.8,0.3,5.7,13.0,110,7.4,0.504,14.8,3.1,0.684,4.5,74,74,1850.0,-2.0,2.2,4.8,109,12.5,3.8,18.0,SF,1.3,1.3,1.4,7.8,8.0,8.8,0.536,CHO,16.2,0.1,1
Caris LeVert,6.1,0.48,12.8,2.2,0.34700000000000003,6.4,7.8,26.0,23,0.6,0.9,-0.5,-0.2,5.4,11.9,110,8.3,0.435,19.1,3.5,0.711,4.9,71,10,1864.0,-0.3,1.4,3.0,103,14.3,4.1,22.3,SF,2.1,2.1,4.0,15.8,6.8,7.4,0.525,BRK,22.5,0.7,1
Timothe Luwawu-Cabarrot,2.8,0.431,6.5,3.2,0.335,9.4,3.2,9.3,22,0.3,0.5,-4.7,-2.4,3.5,7.5,110,6.0,0.375,15.9,2.7,0.7929999999999999,3.5,52,7,807.0,-2.3,0.8,1.9,101,7.0,5.8,17.8,SF,0.7,0.7,2.3,11.5,4.3,4.8,0.511,PHI,17.5,-0.5,0
Wesley Matthews,3.1,0.441,6.9,3.6,0.381,9.5,4.1,12.3,31,0.4,0.7,0.1,-0.2,4.0,9.2,111,6.7,0.406,16.4,2.0,0.8220000000000001,2.4,63,62,2131.0,0.2,0.7,1.4,105,11.4,3.3,18.9,SF,1.8,1.8,2.0,10.1,4.7,5.2,0.541,DAL,17.6,1.1,0
Doug McDermott,4.1,0.49700000000000005,8.2,2.6,0.426,6.1,2.2,6.5,26,0.5,0.8,-2.4,-1.7,4.5,10.2,115,6.7,0.467,14.3,1.8,0.79,2.3,81,4,1768.0,-0.7,1.1,2.5,111,10.4,3.4,17.7,SF,0.5,0.5,1.6,9.3,5.6,6.3,0.579,TOT,15.0,-0.2,0
Khris Middleton,7.5,0.517,14.5,2.4,0.359,6.8,5.5,17.7,26,0.4,0.6,0.4,-1.2,6.4,15.0,111,9.9,0.466,21.3,5.4,0.884,6.1,82,82,2982.0,1.6,0.8,1.8,111,17.4,4.5,27.6,SF,2.0,2.0,3.2,11.8,7.2,8.4,0.5770000000000001,MIL,24.6,1.8,1
C.J. Miles,2.3,0.434,5.3,6.0,0.361,16.7,2.0,6.0,30,0.8,1.3,-0.5,-2.2,4.9,11.0,108,8.4,0.379,22.1,3.0,0.835,3.6,70,3,1337.0,1.7,0.7,1.5,109,13.0,4.9,25.8,SF,1.4,1.4,1.4,5.7,5.6,6.4,0.545,TOR,22.3,0.5,0
Darius Miller,1.7,0.535,3.2,3.6,0.41100000000000003,8.8,2.7,7.5,27,0.4,0.7,-1.0,-1.6,3.6,7.9,113,5.3,0.444,12.0,1.4,0.866,1.6,82,3,1944.0,0.5,0.4,1.0,115,9.3,3.9,15.6,SF,0.7,0.7,1.4,10.1,4.0,4.6,0.617,NOP,12.8,0.5,0
Shabazz Muhammad,9.2,0.478,19.2,0.8,0.259,3.2,1.7,5.7,25,0.4,0.6,-5.9,-4.1,6.3,14.8,113,10.0,0.447,22.5,4.7,0.78,6.0,43,2,418.0,-1.8,2.7,6.3,109,15.4,3.6,25.6,SF,1.1,1.1,0.7,2.8,9.1,10.6,0.51,TOT,23.0,-0.4,1
Abdel Nader,2.6,0.321,8.0,2.2,0.354,6.2,2.5,7.1,24,1.0,1.6,-5.6,0.3,5.6,12.0,105,4.8,0.336,14.3,2.2,0.59,3.7,48,1,522.0,-5.9,1.2,2.8,83,5.1,4.3,14.0,SF,1.4,1.4,3.3,17.0,6.8,7.4,0.439,BOS,17.1,-0.5,0
Royce O'Neale,3.4,0.47,7.2,1.8,0.35600000000000004,5.1,4.1,12.0,24,0.7,1.2,-0.6,1.7,9.2,20.6,104,5.2,0.423,12.4,2.7,0.8029999999999999,3.3,69,4,1150.0,-2.4,1.1,2.5,105,10.8,4.6,15.0,SF,1.6,1.6,2.4,14.8,10.3,11.7,0.54,UTA,14.6,0.4,2
Cedi Osman,4.2,0.586,7.2,2.3,0.368,6.3,3.0,8.7,22,0.2,0.4,-2.9,-1.5,7.4,16.6,112,6.6,0.484,13.6,1.9,0.565,3.4,61,12,672.0,-1.4,1.4,3.2,108,11.0,5.7,17.3,SF,1.6,1.6,2.3,13.4,8.7,10.0,0.5770000000000001,CLE,15.7,-0.2,0
Kelly Oubre,4.3,0.456,9.4,2.8,0.341,8.2,2.2,6.4,22,0.8,1.4,-1.2,-0.4,6.8,15.4,109,7.1,0.40299999999999997,17.6,4.3,0.82,5.2,81,11,2231.0,-0.8,1.3,3.0,106,11.9,5.2,21.2,SF,1.8,1.8,2.0,9.2,8.1,9.2,0.534,WAS,19.4,0.4,1
Otto Porter,6.3,0.537,11.7,2.8,0.441,6.4,3.2,10.1,24,0.8,1.5,3.6,1.2,7.9,18.1,107,9.1,0.503,18.1,2.2,0.828,2.6,77,77,2432.0,2.4,2.1,4.8,120,18.3,3.1,23.2,SF,2.4,2.4,1.5,7.4,10.0,11.4,0.602,WAS,18.4,3.4,2
Josh Richardson,5.1,0.495,10.3,2.4,0.37799999999999995,6.3,4.3,13.2,24,1.4,2.4,1.4,1.5,4.0,9.0,106,7.4,0.451,16.5,2.2,0.845,2.7,81,81,2689.0,-0.1,1.3,2.9,106,13.6,3.7,19.5,SF,2.3,2.3,2.6,12.9,5.3,6.0,0.551,MIA,18.2,2.3,2
Jayson Tatum,6.0,0.49200000000000005,12.2,2.2,0.434,5.0,2.6,8.3,19,1.2,2.0,1.0,1.5,7.2,15.6,103,8.1,0.475,17.1,4.4,0.826,5.3,80,80,2438.0,-0.5,1.0,2.3,111,15.3,3.5,22.8,SF,1.7,1.7,2.3,10.7,8.2,9.0,0.586,BOS,19.5,1.8,2
Evan Turner,5.3,0.485,10.9,1.0,0.318,3.2,4.2,12.4,29,0.7,1.2,-1.8,0.6,5.2,11.4,109,6.3,0.447,14.1,2.2,0.85,2.6,79,40,2034.0,-2.4,0.7,1.6,103,9.9,4.0,15.9,SF,1.1,1.1,2.4,13.7,6.0,6.5,0.52,POR,15.6,0.1,0
Taurean Waller-Prince,4.7,0.461,10.3,3.5,0.385,9.1,4.2,13.9,23,0.8,1.5,-0.7,0.0,6.7,15.3,111,8.2,0.426,19.3,3.0,0.8440000000000001,3.6,82,82,2464.0,-0.7,1.0,2.3,100,12.8,3.3,23.0,SF,1.7,1.7,3.8,15.3,7.7,8.8,0.5489999999999999,ATL,22.1,0.8,1
T.J. Warren,11.4,0.523,21.7,0.4,0.222,2.0,1.9,7.2,24,0.9,1.5,-1.9,-1.7,4.6,10.5,114,11.8,0.498,23.8,4.3,0.757,5.7,65,65,2142.0,-0.1,2.8,6.1,109,17.6,3.3,28.4,SF,1.5,1.5,1.9,6.7,7.4,8.3,0.541,PHO,24.9,0.1,1
Andrew Wiggins,7.7,0.475,16.1,1.9,0.331,5.7,2.7,8.2,22,0.9,1.5,-2.5,-1.4,4.6,10.8,113,9.6,0.43799999999999994,21.8,3.4,0.643,5.3,82,82,2979.0,-1.1,1.4,3.1,101,13.0,2.7,24.4,SF,1.5,1.5,2.3,8.8,6.0,6.9,0.505,MIN,23.4,-0.4,1
Paul Zipser,2.6,0.355,7.3,2.2,0.336,6.5,2.7,8.0,23,0.9,1.6,-5.9,-0.3,7.0,16.0,112,4.8,0.34600000000000003,13.9,1.1,0.76,1.5,54,12,824.0,-5.5,0.8,1.6,84,5.2,5.1,12.9,SF,1.2,1.2,2.5,14.9,7.8,8.5,0.445,CHI,15.2,-0.8,0
