Name,2P,2P%,2PA,3P,3P%,3PA,AST,AST%,Age,BLK,BLK%,BPM,DBPM,DRB,DRB%,DRtg,FG,FG%,FGA,FT,FT%,FTA,G,GS,MP,OBPM,ORB,ORB%,ORtg,PER,PF,PTS,Pos,STL,STL%,TOV,TOV%,TRB,TRB%,TS%,Tm,USG%,VORP,sg_cluster
Alex Abrines,1.4,0.44299999999999995,3.1,3.7,0.38,9.7,1.2,3.4,24,0.4,0.6,-2.2,-1.7,3.9,8.9,110,5.0,0.395,12.7,1.7,0.848,2.0,75,8,1134.0,-0.5,1.1,2.5,116,9.0,5.4,15.4,SG,1.7,1.7,1.1,7.4,5.0,5.6,0.5670000000000001,OKC,12.7,-0.1,0
Arron Afflalo,2.7,0.413,6.6,1.9,0.386,5.0,2.2,6.2,32,0.6,1.1,-5.8,-1.8,4.5,10.1,115,4.7,0.401,11.6,1.6,0.846,1.9,53,3,682.0,-4.1,0.3,0.6,98,5.8,4.0,12.8,SG,0.3,0.3,1.5,10.8,4.7,5.3,0.516,ORL,12.5,-0.7,0
Dwayne Bacon,4.2,0.409,10.2,0.8,0.256,2.9,2.6,7.5,22,0.1,0.2,-5.7,-0.3,8.2,18.5,111,4.9,0.375,13.1,1.4,0.8,1.7,53,6,713.0,-5.4,0.3,0.6,88,5.8,3.1,12.0,SG,1.1,1.1,1.6,10.2,8.5,9.4,0.431,CHO,13.7,-0.7,0
Will Barton,5.7,0.51,11.2,2.9,0.37,7.8,6.1,18.5,27,1.0,1.6,1.0,-0.6,6.3,14.2,112,8.6,0.452,19.0,3.4,0.805,4.2,81,40,2683.0,1.6,1.3,3.0,113,16.2,3.1,23.4,SG,1.5,1.5,2.8,11.7,7.6,8.6,0.562,DEN,20.7,2.0,1
Nicolas Batum,4.4,0.473,9.3,2.3,0.336,6.7,8.6,26.2,29,0.6,1.0,1.4,0.5,6.1,13.8,110,6.6,0.415,16.0,2.7,0.831,3.2,64,64,1981.0,0.9,1.4,3.1,107,14.4,1.8,18.2,SG,1.6,1.6,3.2,15.6,7.5,8.4,0.523,CHO,18.3,1.7,1
Kent Bazemore,4.8,0.43799999999999994,11.0,2.9,0.39399999999999996,7.5,6.2,20.1,28,1.2,2.2,0.4,1.1,6.1,13.9,108,7.8,0.42,18.5,4.4,0.7959999999999999,5.5,65,65,1789.0,-0.6,0.7,1.6,101,14.5,4.0,22.8,SG,2.7,2.7,4.3,17.0,6.8,7.7,0.547,ATL,22.5,1.1,1
Bradley Beal,8.1,0.507,15.9,3.3,0.375,8.8,6.2,21.0,24,0.6,1.1,1.7,-1.0,5.0,11.5,110,11.4,0.46,24.8,4.9,0.7909999999999999,6.2,82,82,2977.0,2.7,1.0,2.3,109,18.4,2.7,31.0,SG,1.6,1.6,3.6,11.5,6.1,6.9,0.564,WAS,27.6,2.7,1
Malik Beasley,3.8,0.469,8.2,2.4,0.341,7.0,2.6,7.4,21,0.6,1.0,-5.1,-2.4,4.8,11.0,113,6.2,0.41,15.1,1.9,0.667,2.8,62,0,583.0,-2.8,1.2,2.7,101,9.0,3.1,16.7,SG,1.3,1.3,2.0,11.1,6.0,6.9,0.509,DEN,16.2,-0.5,0
Marco Belinelli,4.7,0.509,9.2,3.7,0.377,9.9,3.7,11.9,31,0.3,0.5,-1.3,-2.1,3.3,7.3,111,8.4,0.441,19.1,3.7,0.9079999999999999,4.1,80,2,1947.0,0.8,0.5,1.1,111,14.1,2.3,24.2,SG,1.6,1.6,2.3,10.1,3.8,4.2,0.581,TOT,20.7,0.3,0
Bogdan Bogdanovic,5.0,0.485,10.3,3.0,0.392,7.7,6.0,18.3,25,0.4,0.7,-1.0,-1.5,4.5,10.5,113,8.0,0.446,18.0,2.3,0.84,2.8,78,53,2175.0,0.5,0.7,1.6,107,13.5,4.0,21.3,SG,1.7,1.7,2.9,13.2,5.2,5.8,0.556,SAC,19.6,0.6,0
Devin Booker,7.9,0.46,17.2,3.8,0.38299999999999995,9.9,6.5,24.4,21,0.4,0.6,0.4,-2.4,5.6,12.7,115,11.7,0.43200000000000005,27.1,7.4,0.878,8.4,54,54,1865.0,2.9,0.7,1.5,105,18.1,4.3,34.5,SG,1.2,1.2,5.0,13.9,6.3,7.0,0.561,PHO,31.7,1.2,1
Avery Bradley,6.4,0.436,14.6,2.6,0.369,7.0,3.3,10.4,27,0.3,0.5,-4.2,-1.4,3.3,7.3,110,9.0,0.414,21.7,2.2,0.768,2.8,46,46,1433.0,-2.8,0.8,1.7,92,9.6,3.2,22.8,SG,1.8,1.8,3.5,13.3,4.0,4.5,0.496,TOT,23.5,-0.8,0
Jaylen Brown,5.9,0.507,11.5,2.8,0.395,7.1,2.6,8.5,21,0.6,1.0,-0.2,0.4,6.5,14.0,105,8.7,0.465,18.6,3.5,0.644,5.4,70,70,2152.0,-0.6,1.5,3.4,105,13.6,4.2,23.6,SG,1.6,1.6,2.9,12.0,8.0,8.8,0.562,BOS,21.4,1.0,1
Sterling Brown,3.2,0.439,7.3,2.1,0.35200000000000004,5.8,1.6,4.5,22,0.8,1.4,-4.0,-1.0,7.5,17.5,110,5.3,0.4,13.2,1.3,0.875,1.5,54,4,776.0,-3.1,1.7,4.1,100,9.1,5.1,13.9,SG,2.0,2.0,1.6,10.4,9.2,10.8,0.503,MIL,14.0,-0.4,0
Alec Burks,5.8,0.452,12.9,2.2,0.331,6.7,3.2,10.0,26,0.4,0.6,-2.8,-0.3,8.2,18.4,105,8.1,0.41100000000000003,19.6,5.1,0.863,5.9,64,1,1059.0,-2.5,0.9,2.1,102,13.1,3.6,23.4,SG,1.8,1.8,2.8,11.4,9.1,10.3,0.527,UTA,22.5,-0.2,1
Jimmy Butler,8.5,0.509,16.7,1.6,0.35,4.6,6.7,20.6,28,0.6,1.0,5.0,0.1,5.4,12.7,110,10.1,0.474,21.3,8.4,0.8540000000000001,9.8,59,59,2164.0,4.9,1.8,4.2,122,23.7,1.8,30.2,SG,2.7,2.7,2.5,8.9,7.3,8.4,0.59,MIN,24.9,3.8,1
Kentavious Caldwell-Pope,3.5,0.473,7.5,3.1,0.38299999999999995,8.1,3.2,9.4,24,0.3,0.5,1.0,0.4,6.4,14.1,108,6.6,0.426,15.5,3.0,0.789,3.8,74,74,2458.0,0.6,1.2,2.6,111,13.2,2.8,19.3,SG,2.1,2.1,1.9,9.9,7.5,8.4,0.561,LAL,16.9,1.9,0
Ian Clark,5.2,0.5329999999999999,9.8,2.0,0.318,6.4,3.6,10.4,26,0.3,0.5,-3.9,-2.0,3.8,8.4,112,7.3,0.44799999999999995,16.2,1.5,0.763,1.9,74,2,1455.0,-2.0,0.3,0.8,102,9.4,3.9,18.1,SG,1.1,1.1,1.9,9.9,4.2,4.7,0.529,NOP,17.2,-0.7,0
Jordan Clarkson,8.1,0.5,16.2,2.9,0.35200000000000004,8.1,5.6,19.3,25,0.2,0.3,-1.9,-2.7,4.1,9.1,112,11.0,0.451,24.4,3.9,0.8,4.9,81,2,1888.0,0.8,1.5,3.3,106,16.4,2.7,28.7,SG,1.5,1.5,3.2,10.9,5.5,6.2,0.542,TOT,26.5,0.1,1
Pat Connaughton,3.0,0.506,6.0,2.5,0.35200000000000004,7.0,3.0,8.7,25,0.7,1.2,-1.3,-0.4,4.2,9.1,110,5.5,0.423,13.0,1.2,0.841,1.5,82,5,1488.0,-0.9,1.2,2.7,110,9.3,4.0,14.7,SG,0.8,0.8,1.4,9.5,5.4,5.9,0.539,POR,13.4,0.3,0
Allen Crabbe,3.0,0.461,6.5,4.4,0.37799999999999995,11.8,2.6,8.4,25,0.8,1.2,-0.8,-1.2,6.5,14.4,112,7.4,0.40700000000000003,18.3,2.5,0.852,3.0,75,68,2197.0,0.4,0.6,1.3,108,12.3,3.7,21.9,SG,1.0,1.0,1.7,8.1,7.2,7.8,0.5579999999999999,BRK,19.0,0.7,0
Jamal Crawford,6.2,0.47700000000000004,12.9,3.1,0.331,9.5,5.6,16.9,37,0.3,0.5,-3.9,-4.0,2.4,5.5,116,9.3,0.415,22.4,3.1,0.903,3.4,80,0,1653.0,0.0,0.6,1.4,104,13.0,2.6,24.9,SG,1.2,1.2,2.9,10.7,3.0,3.5,0.519,MIN,23.7,-0.8,0
Troy Daniels,1.4,0.419,3.5,5.4,0.4,13.5,1.4,4.5,26,0.1,0.2,-2.9,-3.6,3.4,7.7,117,6.8,0.40299999999999997,17.0,1.7,0.875,1.9,79,15,1622.0,0.7,0.4,0.8,109,9.8,4.0,20.7,SG,0.8,0.8,1.7,8.5,3.7,4.2,0.583,PHO,17.2,-0.4,0
DeMar DeRozan,10.1,0.494,20.5,1.6,0.31,5.2,7.6,25.0,28,0.4,0.6,1.8,-0.9,4.7,10.4,109,11.7,0.456,25.7,8.4,0.825,10.2,80,80,2711.0,2.7,1.1,2.5,114,21.0,2.7,33.5,SG,1.5,1.5,3.2,9.5,5.7,6.5,0.555,TOR,29.6,2.6,1
Tyler Dorsey,3.6,0.39299999999999996,9.2,3.6,0.36200000000000004,10.0,4.0,12.5,21,0.3,0.4,-4.2,-2.5,5.7,12.9,114,7.2,0.377,19.2,2.3,0.7140000000000001,3.2,56,5,974.0,-1.8,0.9,2.0,100,10.0,3.2,20.3,SG,0.9,0.9,1.9,8.3,6.5,7.4,0.494,ATL,20.0,-0.5,0
Damyean Dotson,5.2,0.5379999999999999,9.7,2.3,0.324,7.1,3.2,9.5,23,0.2,0.4,-3.1,-1.7,7.8,17.5,112,7.5,0.447,16.8,1.7,0.696,2.4,44,2,474.0,-1.4,0.9,2.1,106,11.6,3.6,19.0,SG,1.3,1.3,1.8,9.0,8.8,9.8,0.532,NYK,17.3,-0.1,0
Wayne Ellington,1.4,0.479,3.0,5.6,0.392,14.2,1.9,5.9,30,0.2,0.3,0.0,-1.8,4.8,10.7,110,7.0,0.40700000000000003,17.2,1.6,0.8590000000000001,1.9,77,2,2041.0,1.8,0.6,1.3,113,12.5,2.3,21.3,SG,1.3,1.3,1.3,6.6,5.4,6.0,0.588,MIA,17.3,1.0,0
Terrance Ferguson,2.0,0.612,3.2,2.6,0.33299999999999996,7.8,1.2,3.4,19,0.7,1.2,-2.5,-1.3,1.8,4.2,111,4.6,0.414,11.0,0.6,0.9,0.7,61,12,763.0,-1.2,1.2,2.7,115,7.4,5.4,12.3,SG,1.6,1.6,0.7,6.0,3.1,3.4,0.545,OKC,10.4,-0.1,0
Yogi Ferrell,3.9,0.47700000000000004,8.2,2.9,0.373,7.9,4.4,13.5,24,0.2,0.4,-1.0,-0.6,4.9,11.2,112,6.8,0.426,16.1,1.8,0.7959999999999999,2.3,82,21,2282.0,-0.4,0.6,1.2,107,11.4,3.4,18.4,SG,1.4,1.4,1.7,9.1,5.5,6.1,0.54,DAL,17.0,0.6,0
Bryn Forbes,4.0,0.446,9.0,3.0,0.39,7.6,2.7,7.8,24,0.1,0.1,-3.1,-1.9,3.3,7.2,110,7.0,0.42100000000000004,16.6,1.6,0.667,2.4,80,12,1517.0,-1.2,0.4,0.9,106,9.1,3.6,18.5,SG,0.9,0.9,1.2,6.5,3.7,4.0,0.525,SAS,16.7,-0.4,0
Langston Galloway,2.9,0.418,7.1,4.3,0.344,12.6,3.4,10.1,26,0.3,0.5,-1.7,-1.6,4.6,10.3,109,7.3,0.371,19.7,1.9,0.805,2.4,58,2,863.0,-0.2,0.8,1.6,106,12.2,2.3,20.8,SG,2.0,2.0,1.0,4.8,5.3,5.9,0.503,DET,19.3,0.1,0
Manu Ginobili,5.3,0.506,10.5,2.5,0.33299999999999996,7.5,6.3,19.1,40,0.6,1.0,-1.0,-0.5,4.8,10.6,107,7.8,0.434,18.0,4.3,0.84,5.1,65,0,1299.0,-0.5,0.7,1.6,103,12.9,4.9,22.4,SG,1.7,1.7,4.1,16.8,5.5,6.1,0.5529999999999999,SAS,21.5,0.3,1
Eric Gordon,4.5,0.544,8.3,5.0,0.359,13.9,3.5,11.7,29,0.6,1.1,-1.0,-2.4,3.3,7.5,110,9.5,0.428,22.2,4.5,0.809,5.5,69,30,2154.0,1.4,0.6,1.3,110,15.2,2.6,28.4,SG,1.0,1.0,3.0,10.8,3.9,4.4,0.578,HOU,24.7,0.5,0
Treveon Graham,2.6,0.452,5.8,1.9,0.41200000000000003,4.5,2.7,7.8,24,0.1,0.2,-0.9,-0.3,3.7,8.3,112,4.5,0.434,10.3,1.9,0.695,2.7,63,2,1050.0,-0.6,2.0,4.3,114,9.0,5.1,12.7,SG,1.5,1.5,1.3,9.9,5.6,6.2,0.5529999999999999,CHO,11.3,0.3,0
Danny Green,2.8,0.419,6.8,3.3,0.363,9.0,3.1,8.9,30,2.3,3.7,1.2,2.2,5.9,13.0,104,6.1,0.387,15.8,1.4,0.769,1.8,70,60,1791.0,-1.1,1.2,2.5,100,11.4,3.4,16.9,SG,1.8,1.8,2.1,11.2,7.0,7.7,0.509,SAS,16.6,1.4,0
Gerald Green,3.1,0.504,6.1,5.8,0.369,15.8,1.3,4.3,32,0.8,1.4,-1.9,-2.4,6.2,14.2,108,8.9,0.40700000000000003,21.9,2.7,0.85,3.2,41,2,929.0,0.5,0.8,1.8,109,14.1,4.6,26.3,SG,1.3,1.3,1.6,6.6,7.0,8.1,0.5660000000000001,HOU,22.4,0.0,0
Tim Hardaway,6.0,0.516,11.7,3.4,0.317,10.8,4.1,12.7,25,0.3,0.5,-0.1,-1.8,5.0,11.3,113,9.5,0.42100000000000004,22.5,3.8,0.816,4.7,57,54,1885.0,1.7,0.8,1.9,106,14.4,3.2,26.2,SG,1.6,1.6,2.4,9.0,5.9,6.6,0.5329999999999999,NYK,23.8,0.9,1
James Harden,7.4,0.531,14.0,5.1,0.36700000000000005,13.9,12.2,45.1,28,1.0,1.7,10.9,1.3,6.7,15.2,105,12.6,0.449,27.9,12.0,0.858,14.0,72,72,2551.0,9.6,0.8,1.8,120,29.8,3.3,42.3,SG,2.4,2.4,6.1,15.1,7.5,8.6,0.619,HOU,36.1,8.3,1
Gary Harris,6.1,0.5529999999999999,11.1,3.4,0.396,8.5,4.2,13.0,23,0.3,0.5,0.9,-1.5,3.0,6.8,112,9.5,0.485,19.5,2.9,0.8270000000000001,3.5,67,65,2304.0,2.4,0.8,1.8,115,16.5,2.6,25.2,SG,2.6,2.6,2.6,10.8,3.8,4.3,0.597,DEN,20.7,1.7,1
Joe Harris,3.8,0.589,6.5,3.7,0.419,8.8,3.1,10.2,26,0.5,0.8,0.1,-1.2,5.1,11.3,113,7.5,0.491,15.3,2.1,0.8270000000000001,2.6,78,14,1975.0,1.3,1.3,2.7,116,13.3,3.8,20.8,SG,0.9,0.9,2.2,12.0,6.4,7.0,0.634,BRK,16.6,1.1,0
Josh Hart,3.2,0.551,5.8,2.6,0.396,6.5,2.6,7.6,22,0.5,0.9,-0.1,0.2,7.2,16.0,109,5.8,0.469,12.3,2.2,0.7020000000000001,3.1,63,23,1461.0,-0.3,1.4,3.1,116,12.2,3.5,16.2,SG,1.5,1.5,1.5,10.1,8.6,9.6,0.596,LAL,13.5,0.7,0
Buddy Hield,6.0,0.457,13.1,4.4,0.431,10.2,3.9,12.8,24,0.5,1.0,-0.2,-1.4,6.3,14.8,111,10.4,0.446,23.3,1.8,0.877,2.0,80,12,2024.0,1.2,1.4,3.0,104,16.1,3.7,27.0,SG,2.1,2.1,3.1,11.3,7.7,8.6,0.557,SAC,24.3,0.9,1
Jrue Holiday,8.1,0.557,14.5,2.0,0.337,5.8,7.9,24.9,27,1.0,1.7,2.1,0.3,4.9,10.8,109,10.0,0.494,20.3,3.1,0.7859999999999999,3.9,81,81,2927.0,1.8,1.0,2.4,110,17.8,3.3,25.1,SG,2.0,2.0,3.5,13.6,6.0,6.8,0.57,NOP,23.1,3.0,1
Justin Holiday,2.8,0.387,7.2,3.5,0.359,9.7,3.3,10.1,28,0.7,1.2,-1.3,-0.3,5.6,12.8,111,6.2,0.371,16.9,2.9,0.823,3.5,72,72,2265.0,-1.0,0.7,1.4,100,10.8,2.9,18.9,SG,1.7,1.7,2.0,9.8,6.3,6.9,0.513,CHI,18.2,0.4,0
Rodney Hood,6.0,0.467,12.9,3.9,0.381,10.3,2.9,9.7,25,0.4,0.6,-2.0,-2.2,4.4,9.9,110,9.9,0.429,23.1,3.4,0.86,4.0,60,23,1616.0,0.2,0.7,1.6,106,14.3,3.2,27.2,SG,1.4,1.4,2.2,8.0,5.1,5.8,0.546,TOT,24.3,0.0,0
Luke Kennard,4.3,0.46299999999999997,9.2,2.8,0.415,6.6,4.2,12.7,21,0.4,0.8,-1.5,-0.4,5.3,11.9,109,7.0,0.44299999999999995,15.9,2.2,0.855,2.6,73,9,1463.0,-1.1,0.7,1.6,108,12.1,2.9,19.0,SG,1.5,1.5,2.4,12.2,6.0,6.6,0.56,DET,17.2,0.2,0
Sean Kilpatrick,4.9,0.42700000000000005,11.5,3.5,0.319,11.0,3.5,11.3,28,0.4,0.7,-6.1,-3.6,6.3,14.2,113,8.4,0.374,22.5,4.9,0.889,5.5,52,1,640.0,-2.5,0.4,0.8,97,11.6,2.5,25.3,SG,1.0,1.0,2.9,10.4,6.7,7.5,0.507,TOT,24.9,-0.7,0
Kyle Korver,1.8,0.537,3.4,5.1,0.436,11.7,2.7,8.0,36,0.8,1.5,0.1,-2.0,4.9,10.9,114,6.9,0.45899999999999996,15.1,2.0,0.889,2.2,73,4,1574.0,2.2,0.3,0.7,120,13.4,4.0,20.9,SG,1.0,1.0,1.7,9.6,5.1,5.9,0.652,CLE,16.0,0.9,0
Jeremy Lamb,7.1,0.495,14.3,2.3,0.37,6.3,4.6,15.4,25,0.8,1.4,0.9,-0.2,6.8,15.4,109,9.4,0.457,20.6,4.4,0.861,5.2,80,18,1967.0,1.2,1.2,2.7,112,17.0,3.4,25.6,SG,1.5,1.5,2.3,9.1,8.0,8.9,0.5589999999999999,CHO,22.4,1.5,1
Courtney Lee,4.9,0.48200000000000004,10.2,2.4,0.406,6.0,3.9,11.3,32,0.4,0.6,0.0,-0.7,4.2,9.3,113,7.4,0.45399999999999996,16.2,2.4,0.919,2.7,76,69,2310.0,0.8,0.6,1.4,112,13.0,2.3,19.6,SG,1.7,1.7,1.8,9.4,4.8,5.4,0.564,NYK,16.9,1.2,0
DeAndre Liggins,1.4,0.396,3.6,1.3,0.358,3.6,3.3,8.4,29,1.0,1.6,-2.2,1.2,4.6,10.6,109,2.7,0.377,7.2,0.1,0.4,0.3,58,4,724.0,-3.4,0.5,1.1,95,6.0,5.5,6.9,SG,2.5,2.5,1.4,15.6,5.1,5.9,0.467,TOT,7.9,0.0,0
Patrick McCaw,3.7,0.503,7.3,1.0,0.23800000000000002,4.0,4.1,10.6,22,0.5,0.8,-3.4,-0.5,3.3,7.2,110,4.6,0.409,11.3,1.3,0.765,1.7,57,10,961.0,-2.9,0.8,2.0,96,7.4,3.4,11.5,SG,2.2,2.2,2.1,14.6,4.1,4.8,0.47700000000000004,GSW,12.8,-0.3,0
CJ McCollum,8.1,0.465,17.5,3.2,0.397,8.1,4.6,15.8,26,0.6,1.0,0.4,-1.0,4.6,9.9,109,11.4,0.44299999999999995,25.6,3.6,0.836,4.3,81,81,2923.0,1.4,0.9,2.0,108,17.0,2.9,29.5,SG,1.3,1.3,2.6,8.6,5.5,6.0,0.536,POR,26.5,1.8,1
Ben McLemore,4.7,0.47700000000000004,9.9,2.5,0.34600000000000003,7.4,2.4,7.5,24,0.7,1.3,-3.6,-1.4,4.9,11.4,112,7.3,0.42100000000000004,17.3,2.5,0.828,3.0,56,17,1091.0,-2.1,1.6,3.5,99,9.7,6.4,19.6,SG,1.8,1.8,2.8,13.2,6.4,7.4,0.526,MEM,19.0,-0.4,0
Jodie Meeks,3.8,0.46399999999999997,8.1,3.2,0.34299999999999997,9.3,3.1,9.1,30,0.2,0.3,-2.8,-2.5,4.9,11.2,112,7.0,0.39899999999999997,17.4,4.5,0.863,5.2,77,0,1119.0,-0.4,0.7,1.5,111,12.4,2.4,21.6,SG,1.3,1.3,1.6,7.7,5.6,6.4,0.5479999999999999,WAS,19.0,-0.2,0
Donovan Mitchell,7.8,0.502,15.4,3.6,0.34,10.5,5.5,19.4,21,0.5,0.9,1.1,-0.2,4.6,10.4,105,11.3,0.43700000000000006,25.9,4.5,0.805,5.6,79,71,2638.0,1.3,1.0,2.3,103,16.7,4.0,30.7,SG,2.2,2.2,4.1,12.6,5.6,6.4,0.541,UTA,29.1,2.1,1
Malik Monk,4.0,0.385,10.4,4.7,0.342,13.9,5.2,16.9,19,0.5,0.9,-4.4,-3.4,3.3,7.5,112,8.7,0.36,24.3,1.8,0.8420000000000001,2.2,63,0,854.0,-1.0,0.5,1.0,96,10.3,3.4,24.0,SG,1.1,1.1,2.8,9.8,3.8,4.2,0.47700000000000004,CHO,24.9,-0.5,0
E'Twaun Moore,5.4,0.556,9.8,2.4,0.425,5.6,3.5,10.1,28,0.2,0.4,-0.2,-0.8,3.3,7.3,112,7.8,0.508,15.4,0.9,0.706,1.3,82,80,2586.0,0.6,1.1,2.5,111,12.1,3.4,18.9,SG,1.5,1.5,1.9,10.6,4.4,5.0,0.593,NOP,16.1,1.2,0
David Nwaba,5.5,0.496,11.0,0.5,0.34600000000000003,1.5,3.1,9.4,25,0.9,1.6,-1.6,0.9,7.0,16.0,110,6.0,0.478,12.5,3.9,0.655,6.0,70,21,1646.0,-2.5,2.6,5.6,107,12.2,4.7,16.5,SG,1.7,1.7,2.3,13.1,9.7,10.6,0.542,CHI,15.6,0.1,1
Victor Oladipo,9.4,0.528,17.8,3.2,0.371,8.5,6.3,21.2,25,1.1,2.0,4.9,1.3,6.7,15.1,104,12.5,0.47700000000000004,26.3,5.8,0.799,7.2,75,75,2552.0,3.6,0.9,2.1,110,23.1,3.4,34.0,SG,3.5,3.5,4.3,12.7,7.6,8.6,0.5770000000000001,IND,30.1,4.5,1
Brandon Paul,3.5,0.5479999999999999,6.4,1.3,0.278,4.7,3.2,9.0,26,0.6,1.0,-2.8,0.9,5.4,12.0,105,4.8,0.433,11.1,1.9,0.512,3.8,64,2,576.0,-3.6,0.5,1.1,94,7.5,5.1,12.9,SG,2.2,2.2,2.5,16.6,6.0,6.5,0.504,SAS,13.6,-0.1,0
Norman Powell,4.5,0.516,8.7,2.5,0.285,8.6,4.1,11.8,24,0.7,1.2,-2.8,-0.4,4.9,10.9,107,7.0,0.401,17.4,1.5,0.821,1.8,70,18,1062.0,-2.5,0.6,1.5,94,8.5,5.2,17.9,SG,1.7,1.7,3.1,14.4,5.5,6.3,0.49200000000000005,TOR,18.9,-0.2,0
J.J. Redick,4.8,0.504,9.5,4.4,0.42,10.5,4.8,15.1,33,0.1,0.2,0.0,-2.6,3.8,8.3,110,9.2,0.46,20.0,4.5,0.904,5.0,70,70,2116.0,2.6,0.2,0.5,119,15.9,2.8,27.2,SG,0.8,0.8,2.3,9.6,4.0,4.5,0.614,PHI,21.7,1.1,0
Austin Rivers,4.8,0.461,10.5,3.2,0.37799999999999995,8.5,5.7,17.5,25,0.4,0.6,-0.9,-1.7,2.8,6.2,113,8.1,0.424,19.0,2.4,0.642,3.8,61,59,2057.0,0.8,0.6,1.5,105,12.6,3.6,21.7,SG,1.7,1.7,2.6,11.1,3.4,3.9,0.526,LAC,20.6,0.6,0
Tomas Satoransky,4.7,0.544,8.6,1.4,0.465,3.1,8.6,24.8,26,0.5,0.8,1.1,-0.2,4.9,11.1,111,6.1,0.523,11.6,2.3,0.7809999999999999,2.9,73,30,1643.0,1.3,2.2,5.0,124,15.4,4.0,15.8,SG,1.6,1.6,2.5,16.3,7.0,8.0,0.615,WAS,13.7,1.3,1
Jonathon Simmons,6.9,0.512,13.4,1.7,0.33799999999999997,4.9,4.1,13.3,28,0.4,0.6,-2.3,-1.3,4.3,9.7,113,8.5,0.465,18.4,4.5,0.768,5.8,69,50,2029.0,-1.0,1.5,3.3,103,12.7,4.2,23.2,SG,1.4,1.4,3.5,14.4,5.8,6.5,0.555,ORL,22.0,-0.2,1
Marcus Smart,3.5,0.429,8.2,2.3,0.301,7.7,8.0,23.7,23,0.7,1.2,-0.5,1.1,4.5,9.8,104,5.9,0.36700000000000005,15.9,3.0,0.7290000000000001,4.1,54,11,1614.0,-1.6,1.3,3.0,97,10.8,4.1,17.0,SG,2.2,2.2,4.0,18.4,5.9,6.4,0.479,BOS,19.4,0.6,0
J.R. Smith,2.1,0.45299999999999996,4.7,3.1,0.375,8.3,3.1,8.6,32,0.2,0.4,-1.7,-1.0,4.5,10.1,114,5.2,0.40299999999999997,13.0,0.9,0.696,1.2,80,61,2244.0,-0.6,0.6,1.5,103,8.5,3.5,14.5,SG,1.5,1.5,1.8,11.6,5.1,5.9,0.534,CLE,13.8,0.2,0
Tony Snell,1.9,0.49,3.8,2.6,0.40299999999999997,6.5,2.4,6.5,26,0.7,1.2,-1.8,-1.3,3.2,7.5,114,4.5,0.435,10.3,0.9,0.792,1.2,75,59,2053.0,-0.5,0.2,0.5,113,8.5,2.8,12.5,SG,1.1,1.1,0.9,7.5,3.4,4.0,0.578,MIL,10.6,0.1,0
Nik Stauskas,1.9,0.37,5.0,3.7,0.4,9.3,3.6,11.1,24,0.4,0.6,-4.0,-1.8,5.6,12.3,113,5.6,0.39,14.3,1.9,0.7240000000000001,2.7,41,0,523.0,-2.1,0.4,0.8,101,9.0,2.2,16.8,SG,0.8,0.8,2.4,13.5,5.9,6.5,0.5429999999999999,TOT,15.9,-0.3,0
Lance Stephenson,6.4,0.495,12.9,1.8,0.289,6.3,6.3,18.6,27,0.5,0.8,-2.1,-0.1,9.8,22.0,108,8.2,0.42700000000000005,19.2,2.3,0.6609999999999999,3.4,82,7,1850.0,-2.0,1.7,3.8,99,12.4,4.8,20.4,SG,1.2,1.2,3.5,14.7,11.5,12.9,0.495,IND,21.6,0.0,1
Garrett Temple,3.4,0.442,7.8,2.8,0.392,7.1,3.9,11.3,31,0.8,1.6,-1.9,-0.6,4.1,9.6,112,6.2,0.418,14.9,1.9,0.769,2.4,65,35,1615.0,-1.3,0.7,1.5,102,10.2,4.2,17.1,SG,1.8,1.8,2.5,13.4,4.8,5.4,0.536,SAC,16.4,0.1,0
Jason Terry,1.2,0.48700000000000004,2.4,2.5,0.348,7.0,3.6,9.7,40,0.8,1.4,-2.1,-0.5,2.6,6.2,111,3.6,0.38299999999999995,9.4,0.5,0.889,0.6,51,4,814.0,-1.6,0.3,0.7,103,8.1,3.2,10.2,SG,2.6,2.6,1.5,13.7,2.9,3.5,0.525,MIL,10.1,0.0,0
Klay Thompson,6.7,0.526,12.7,4.4,0.44,10.0,3.6,11.2,27,0.7,1.1,-0.6,-2.4,4.7,10.3,111,11.1,0.488,22.7,1.6,0.8370000000000001,1.9,73,73,2506.0,1.8,0.6,1.5,110,16.1,2.3,28.1,SG,1.1,1.1,2.5,9.5,5.3,6.2,0.598,GSW,23.7,0.9,1
Sindarius Thornwell,3.2,0.44799999999999995,7.2,1.0,0.377,2.6,2.9,7.8,23,1.1,1.8,-1.6,1.0,4.5,10.0,111,4.2,0.429,9.8,2.5,0.67,3.7,73,17,1156.0,-2.6,1.4,3.2,101,8.2,5.3,11.9,SG,2.0,2.0,2.2,16.3,5.9,6.7,0.519,LAC,12.1,0.1,0
Denzel Valentine,3.7,0.45,8.2,3.3,0.386,8.6,5.7,17.8,24,0.3,0.5,-0.5,-0.1,8.0,18.3,111,7.0,0.41700000000000004,16.8,0.9,0.745,1.2,77,37,2095.0,-0.4,1.1,2.4,104,12.1,4.3,18.2,SG,1.5,1.5,2.3,11.8,9.2,10.1,0.527,CHI,17.5,0.8,0
Dwyane Wade,8.6,0.46799999999999997,18.3,1.0,0.28800000000000003,3.6,7.3,23.5,36,1.5,2.6,-2.1,0.3,6.5,14.6,109,9.6,0.43799999999999994,21.9,4.3,0.7140000000000001,6.1,67,3,1536.0,-2.4,1.6,3.7,98,15.0,4.0,24.6,SG,2.0,2.0,4.5,15.5,8.1,9.2,0.5,TOT,26.2,0.0,1
Lou Williams,7.4,0.484,15.4,3.5,0.359,9.7,7.8,26.3,31,0.4,0.6,1.0,-2.9,3.0,6.6,113,10.9,0.435,25.1,8.1,0.88,9.2,79,19,2589.0,3.8,0.8,1.7,112,20.2,2.0,33.5,SG,1.6,1.6,4.4,13.1,3.7,4.2,0.574,LAC,29.8,2.0,1
Nick Young,2.7,0.48100000000000004,5.6,4.3,0.377,11.3,1.2,3.5,32,0.2,0.4,-3.7,-3.4,3.6,7.9,112,7.0,0.41200000000000003,16.9,1.9,0.862,2.2,80,8,1393.0,-0.2,0.7,1.7,106,10.0,3.5,20.1,SG,1.3,1.3,1.3,7.2,4.3,5.0,0.562,GSW,17.6,-0.6,0
