Tm,2P,2P%,2PA,3P,3P%,3PA,AST,AST%,Age,BLK,BLK%,BPM,DBPM,DRB,DRB%,DRtg,FG,FG%,FGA,FT,FT%,FTA,G,GS,MP,OBPM,ORB,ORB%,ORtg,PER,PF,PTS,STL,STL%,TOV,TOV%,TRB,TRB%,TS%,USG%,VORP,c_cluster_0,c_cluster_1,c_cluster_2,pf_cluster_0,pf_cluster_1,pf_cluster_2,pf_cluster_3,pf_cluster_4,pg_cluster_0,pg_cluster_1,pg_cluster_2,sf_cluster_0,sf_cluster_1,sf_cluster_2,sg_cluster_0,sg_cluster_1,Playoffs
TOR17-18,56.8,0.5496666666666666,103.2,18.4,0.37166666666666665,50.4,44.99999999999999,14.900000000000002,25.0,11.7,2.111111111111111,19.700000000000003,8.200000000000001,65.89999999999999,16.266666666666666,952,74.99999999999999,4.463,153.39999999999998,30.700000000000003,0.7541111111111112,39.4,693,382,16678.0,11.699999999999998,20.8,5.4,1042,152.10000000000002,40.0,199.60000000000002,14.200000000000001,1.577777777777778,23.5,12.266666666666667,86.60000000000001,10.933333333333334,0.5870000000000001,19.177777777777777,18.0,1.0,0.0,1.0,0.0,0.0,2.0,0.0,0.0,0.0,2.0,1.0,1.0,0.0,0.0,0.0,1.0,1.0
BOS17-18,48.9,0.4715555555555556,100.7,22.200000000000003,0.3532222222222222,59.2,40.6,14.711111111111112,24.88888888888889,7.4,1.3888888888888888,5.4,7.800000000000001,64.3,15.42222222222222,940,71.1,3.928,159.79999999999998,29.200000000000006,0.7571111111111111,37.5,624,397,16562.0,-2.3,16.0,3.9555555555555557,961,128.6,35.2,193.39999999999998,12.799999999999999,1.422222222222222,23.599999999999998,11.988888888888887,80.29999999999998,9.755555555555555,0.5386666666666666,19.87777777777778,12.7,0.0,2.0,0.0,1.0,1.0,0.0,0.0,0.0,0.0,1.0,1.0,0.0,0.0,1.0,1.0,1.0,1.0
PHI17-18,55.1,0.523888888888889,103.2,18.0,0.3002222222222222,49.199999999999996,49.0,16.91111111111111,25.333333333333332,10.3,1.9555555555555557,10.299999999999999,9.1,68.6,16.455555555555556,943,73.0,4.326,152.6,30.9,0.7563333333333334,41.300000000000004,622,395,16032.0,1.2000000000000006,21.200000000000003,5.48888888888889,1008,139.20000000000002,43.0,194.4,14.4,1.6,28.000000000000004,14.022222222222219,89.89999999999999,11.166666666666666,0.5672222222222222,19.57777777777778,15.0,2.0,0.0,1.0,0.0,1.0,0.0,0.0,0.0,1.0,1.0,0.0,1.0,0.0,1.0,1.0,0.0,1.0
NYK17-18,61.99999999999999,0.4858888888888889,123.6,13.9,0.30666666666666664,39.300000000000004,41.9,13.822222222222223,26.88888888888889,11.3,2.177777777777778,-5.299999999999999,-1.4000000000000012,67.3,16.68888888888889,996,76.1,4.1690000000000005,162.8,29.6,0.8132222222222222,36.8,616,378,15225.0,-3.8999999999999995,21.400000000000002,5.344444444444445,961,134.39999999999998,39.6,195.89999999999998,11.9,1.3222222222222222,27.400000000000002,13.777777777777777,88.7,11.044444444444444,0.5428888888888889,20.188888888888886,5.6,1.0,0.0,1.0,1.0,2.0,0.0,0.0,0.0,0.0,2.0,0.0,0.0,0.0,0.0,1.0,1.0,0.0
BRK17-18,45.2,0.48777777777777775,91.0,24.1,0.34311111111111114,68.0,45.50000000000001,16.822222222222223,24.333333333333332,9.0,1.5222222222222221,-3.6,-3.6,61.3,15.02222222222222,995,69.2,3.965,158.9,32.6,0.7875555555555556,41.900000000000006,635,356,16476.0,-0.09999999999999898,16.5,3.9555555555555557,974,127.9,36.900000000000006,195.70000000000002,11.799999999999999,1.311111111111111,26.700000000000003,12.833333333333332,77.89999999999999,9.444444444444443,0.5568888888888889,20.211111111111112,7.0,1.0,0.0,0.0,1.0,0.0,0.0,0.0,0.0,0.0,1.0,1.0,0.0,3.0,0.0,2.0,0.0,0.0
CLE17-18,44.3,0.5342222222222222,81.3,23.4,0.33999999999999997,60.599999999999994,36.8,12.899999999999999,30.22222222222222,5.3,1.0555555555555556,-1.6000000000000003,-9.5,64.1,16.022222222222222,1010,67.8,4.292000000000001,141.99999999999997,29.6,0.7545555555555556,38.3,623,332,15071.0,8.000000000000002,16.5,4.233333333333333,1031,134.0,36.400000000000006,188.6,12.0,1.3333333333333333,21.599999999999998,11.966666666666667,80.30000000000001,10.233333333333333,0.5913333333333334,18.11111111111111,11.3,1.0,0.0,1.0,0.0,0.0,1.0,0.0,1.0,0.0,1.0,0.0,2.0,0.0,0.0,2.0,0.0,1.0
IND17-18,58.3,0.506,114.39999999999999,17.200000000000003,0.3655555555555556,46.699999999999996,43.0,14.166666666666664,25.77777777777778,7.500000000000001,1.4666666666666666,0.4000000000000001,-0.1999999999999995,60.89999999999999,15.177777777777777,976,75.5,4.207000000000001,161.3,28.5,0.759888888888889,36.699999999999996,661,406,17905.0,0.30000000000000004,16.7,4.222222222222221,985,138.20000000000002,35.1,196.50000000000003,15.899999999999997,1.7666666666666664,24.700000000000003,12.133333333333333,77.5,9.722222222222221,0.5525555555555556,20.033333333333335,11.900000000000002,0.0,1.0,1.0,0.0,0.0,1.0,0.0,0.0,0.0,3.0,0.0,1.0,0.0,0.0,0.0,2.0,1.0
MIL17-18,51.3,0.5121111111111111,97.19999999999999,16.5,0.3268888888888889,46.300000000000004,37.599999999999994,13.100000000000001,26.333333333333332,10.9,2.0666666666666664,-3.1999999999999997,-2.500000000000001,55.30000000000001,14.41111111111111,991,67.7,4.154,143.7,29.800000000000004,0.794,38.5,609,399,16347.0,-0.8000000000000003,14.5,3.822222222222222,981,130.29999999999998,39.8,181.60000000000002,16.9,1.8777777777777775,22.000000000000004,11.766666666666666,69.89999999999999,9.122222222222222,0.5579999999999999,18.366666666666664,10.5,1.0,1.0,0.0,0.0,0.0,0.0,0.0,1.0,0.0,1.0,1.0,0.0,1.0,0.0,3.0,0.0,1.0
DET17-18,50.5,0.4906666666666667,102.8,22.9,0.32511111111111113,61.60000000000001,47.300000000000004,16.755555555555556,26.0,5.6,1.1222222222222225,3.0999999999999996,-0.09999999999999964,58.6,14.655555555555557,974,73.2,4.021,164.5,28.8,0.7721111111111111,38.099999999999994,604,343,15548.0,2.9999999999999996,15.9,3.822222222222222,991,134.60000000000002,31.100000000000005,198.0,14.2,1.5777777777777777,23.000000000000004,10.966666666666669,74.2,9.144444444444444,0.5512222222222223,20.155555555555555,11.2,0.0,0.0,1.0,0.0,1.0,1.0,0.0,0.0,0.0,1.0,1.0,2.0,0.0,0.0,2.0,0.0,0.0
CHI17-18,54.69999999999999,0.489,109.89999999999999,16.5,0.305,46.300000000000004,43.80000000000001,15.66666666666667,24.555555555555557,6.7,1.3555555555555554,-11.4,-2.2,63.5,16.1,998,71.0,4.1370000000000005,156.29999999999998,26.2,0.7488888888888889,34.9,605,351,15547.0,-9.0,20.699999999999996,4.877777777777778,954,126.4,36.0,184.70000000000002,13.600000000000001,1.5111111111111113,24.900000000000002,12.78888888888889,84.39999999999999,10.28888888888889,0.5404444444444445,19.477777777777774,3.0,1.0,1.0,0.0,0.0,2.0,0.0,0.0,0.0,0.0,2.0,0.0,0.0,0.0,0.0,2.0,1.0,0.0
MIA17-18,53.9,0.5137777777777779,104.4,19.3,0.3971111111111111,51.69999999999999,40.900000000000006,14.333333333333334,26.11111111111111,11.0,2.0555555555555554,5.1,7.3,71.8,17.866666666666664,952,73.19999999999999,4.219,156.0,29.099999999999998,0.7615555555555555,39.00000000000001,645,358,17294.0,-2.3000000000000007,20.5,5.111111111111111,985,140.6,38.8,194.9,14.099999999999998,1.5666666666666664,25.2,12.666666666666664,92.60000000000001,11.466666666666665,0.5618888888888889,19.72222222222222,11.400000000000002,1.0,0.0,1.0,0.0,0.0,3.0,0.0,0.0,0.0,1.0,1.0,0.0,0.0,1.0,1.0,0.0,1.0
WAS17-18,57.8,0.5188888888888888,112.2,16.7,0.3072222222222223,43.5,46.3,16.01111111111111,27.11111111111111,9.0,1.7444444444444445,3.500000000000001,1.7999999999999998,62.800000000000004,15.855555555555554,978,74.50000000000001,4.390000000000001,155.6,30.800000000000004,0.7557777777777778,40.8,662,397,17287.0,1.8000000000000016,21.300000000000004,5.388888888888889,997,136.9,42.7,196.5,14.200000000000001,1.577777777777778,27.9,14.066666666666668,83.9,10.622222222222222,0.5713333333333334,19.866666666666667,11.2,2.0,0.0,0.0,0.0,0.0,2.0,0.0,0.0,0.0,0.0,1.0,0.0,1.0,1.0,0.0,2.0,1.0
CHO17-18,50.5,0.4787777777777778,104.0,21.2,0.3088888888888888,57.0,38.699999999999996,13.855555555555554,26.11111111111111,7.200000000000001,1.3888888888888888,-1.100000000000001,-4.0,58.1,14.577777777777776,988,71.6,4.043,160.99999999999997,33.6,0.7754444444444445,45.0,662,401,16742.0,3.0,15.9,3.855555555555556,989,132.60000000000002,29.4,197.99999999999997,12.000000000000002,1.3333333333333335,21.700000000000003,10.555555555555554,74.0,9.122222222222224,0.5494444444444444,20.0,10.2,0.0,0.0,1.0,0.0,1.0,1.0,0.0,0.0,0.0,0.0,1.0,0.0,1.0,0.0,2.0,2.0,0.0
ORL17-18,53.400000000000006,0.5046666666666666,105.2,17.9,0.29600000000000004,51.199999999999996,43.400000000000006,15.322222222222223,25.444444444444443,8.700000000000001,1.5777777777777777,-9.2,-2.4999999999999996,61.5,15.488888888888889,992,71.3,4.104,156.4,29.200000000000003,0.7692222222222224,38.20000000000001,604,327,14755.0,-6.9,16.4,4.122222222222223,954,128.7,33.9,189.60000000000002,13.899999999999999,1.5444444444444443,25.2,13.033333333333335,78.2,9.755555555555556,0.5453333333333332,19.833333333333332,4.2,1.0,0.0,1.0,0.0,1.0,0.0,0.0,0.0,0.0,2.0,0.0,1.0,1.0,1.0,0.0,1.0,0.0
POR17-18,51.8,0.49755555555555553,104.2,18.5,0.28755555555555556,50.00000000000001,34.6,12.200000000000001,26.11111111111111,10.1,1.8333333333333333,7.400000000000001,7.0,64.2,15.444444444444445,957,70.4,4.149,154.59999999999997,29.699999999999996,0.7812222222222222,37.400000000000006,674,391,17545.0,0.20000000000000062,19.6,4.855555555555556,993,134.9,35.5,189.3,13.6,1.511111111111111,23.199999999999996,12.133333333333333,83.80000000000001,10.177777777777777,0.554,19.055555555555557,13.599999999999998,1.0,0.0,1.0,0.0,0.0,1.0,0.0,0.0,0.0,1.0,1.0,1.0,0.0,1.0,1.0,1.0,1.0
OKC17-18,47.8,0.4812222222222223,96.00000000000001,21.2,0.3057777777777778,59.4,35.8,12.899999999999999,27.444444444444443,10.0,1.9888888888888887,-0.5000000000000009,0.10000000000000031,59.199999999999996,15.211111111111112,970,68.7,3.9760000000000004,155.2,28.799999999999997,0.7106666666666667,39.8,702,337,17191.0,-0.6999999999999997,20.8,5.022222222222222,998,130.3,36.49999999999999,187.3,15.100000000000003,1.677777777777778,22.800000000000004,11.033333333333333,80.00000000000001,9.922222222222222,0.5407777777777777,18.78888888888889,12.899999999999999,1.0,0.0,0.0,2.0,1.0,1.0,0.0,0.0,1.0,1.0,0.0,0.0,1.0,0.0,1.0,0.0,1.0
UTA17-18,49.5,0.5137777777777779,95.4,16.900000000000002,0.2727777777777778,45.9,39.3,13.577777777777776,26.555555555555557,12.799999999999999,2.4000000000000004,14.600000000000001,17.1,68.8,17.177777777777777,930,66.3,4.307,141.50000000000003,32.0,0.7802222222222223,41.400000000000006,641,389,15592.0,-2.5999999999999996,20.2,5.133333333333334,1015,138.3,40.4,181.70000000000002,16.4,1.822222222222222,24.4,13.211111111111112,89.2,11.222222222222221,0.5737777777777777,18.344444444444445,15.1,3.0,0.0,0.0,0.0,0.0,1.0,0.0,0.0,0.0,1.0,0.0,0.0,0.0,2.0,0.0,2.0,1.0
MIN17-18,58.199999999999996,0.518,112.00000000000001,15.599999999999998,0.34177777777777774,43.599999999999994,44.5,14.411111111111113,27.555555555555557,7.7,1.4666666666666666,6.0,-5.1,58.5,15.122222222222222,999,73.80000000000001,4.292,155.6,34.5,0.8136666666666666,42.199999999999996,683,407,18922.0,11.0,18.4,4.666666666666667,1033,147.8,34.0,197.60000000000002,16.5,1.8333333333333333,21.9,11.422222222222222,76.8,9.855555555555556,0.5687777777777777,19.27777777777778,13.8,0.0,1.0,1.0,0.0,0.0,2.0,0.0,0.0,0.0,2.0,0.0,0.0,1.0,0.0,1.0,1.0,1.0
DEN17-18,54.400000000000006,0.517,104.89999999999999,21.000000000000004,0.3264444444444444,56.300000000000004,47.199999999999996,15.933333333333334,23.666666666666668,8.8,1.6666666666666667,-0.900000000000001,-5.400000000000001,61.5,15.455555555555556,1000,75.0,4.2219999999999995,161.1,30.2,0.75,40.6,651,371,16999.0,4.3999999999999995,18.6,4.688888888888889,996,139.5,33.199999999999996,201.0,14.0,1.5555555555555556,27.099999999999998,13.07777777777778,80.1,10.088888888888887,0.56,20.099999999999998,11.5,1.0,0.0,1.0,0.0,1.0,0.0,0.0,0.0,0.0,2.0,0.0,1.0,0.0,0.0,1.0,2.0,0.0
GSW17-18,58.0,0.5497777777777778,104.6,21.300000000000004,0.2907777777777778,54.199999999999996,56.6,18.688888888888886,31.11111111111111,11.9,2.188888888888889,13.600000000000001,0.8000000000000007,63.50000000000001,15.355555555555554,970,79.2,4.464,158.79999999999998,32.199999999999996,0.8112222222222223,38.6,619,341,14864.0,12.900000000000004,15.0,4.133333333333334,1021,157.10000000000002,35.599999999999994,212.0,15.100000000000001,1.677777777777778,28.900000000000002,14.455555555555556,78.50000000000001,10.144444444444444,0.5902222222222222,20.755555555555553,14.700000000000001,1.0,0.0,1.0,0.0,0.0,1.0,0.0,1.0,0.0,1.0,1.0,0.0,0.0,1.0,1.0,1.0,1.0
LAC17-18,55.0,0.5247777777777777,102.1,17.5,0.2836666666666667,48.3,38.199999999999996,13.177777777777775,26.666666666666668,8.6,1.6333333333333335,-0.5,-3.7000000000000006,59.8,14.799999999999999,993,72.6,4.349,150.4,30.2,0.7196666666666667,42.3,638,332,15690.0,3.0999999999999996,18.4,4.688888888888889,992,135.9,36.5,192.9,13.600000000000003,1.5111111111111115,24.2,12.944444444444448,78.2,9.8,0.5654444444444444,19.055555555555557,9.399999999999999,1.0,0.0,1.0,0.0,1.0,1.0,0.0,0.0,0.0,1.0,0.0,0.0,0.0,1.0,2.0,1.0,0.0
LAL17-18,54.199999999999996,0.5046666666666666,106.1,16.6,0.2952222222222223,47.6,42.7,14.566666666666666,22.555555555555557,9.9,1.8666666666666663,-3.7000000000000006,3.6,66.3,16.3,971,70.8,4.117999999999999,153.59999999999997,29.6,0.6972222222222223,41.39999999999999,578,375,15093.0,-7.199999999999999,20.3,5.022222222222222,965,128.60000000000002,38.699999999999996,187.30000000000004,12.8,1.4222222222222223,26.599999999999998,13.28888888888889,86.50000000000001,10.700000000000001,0.5421111111111112,19.555555555555557,7.700000000000001,1.0,1.0,1.0,0.0,1.0,0.0,0.0,0.0,1.0,1.0,0.0,0.0,1.0,0.0,2.0,0.0,0.0
SAC17-18,61.3,0.4895555555555555,125.39999999999999,15.8,0.30888888888888894,42.3,39.0,13.511111111111113,25.666666666666668,7.8,1.622222222222222,-14.5,-4.5,63.5,16.544444444444444,1001,77.2,4.1579999999999995,167.7,22.1,0.7317777777777777,30.499999999999996,627,357,15529.0,-9.8,20.4,4.922222222222222,937,126.9,38.0,192.1,14.2,1.5777777777777777,25.5,12.122222222222222,83.89999999999999,10.477777777777778,0.5316666666666667,20.4,1.8,1.0,0.0,1.0,0.0,2.0,0.0,0.0,0.0,0.0,1.0,0.0,1.0,0.0,0.0,2.0,1.0,0.0
PHO17-18,52.3,0.4934444444444444,105.0,16.700000000000003,0.2833333333333334,48.4,32.3,11.877777777777776,23.555555555555557,9.1,1.688888888888889,-18.1,-7.899999999999999,63.89999999999999,16.1,1017,68.89999999999999,4.16,153.60000000000002,31.799999999999997,0.7396666666666666,43.699999999999996,615,357,15388.0,-10.0,21.799999999999997,5.288888888888888,945,119.19999999999999,40.4,186.60000000000002,11.2,1.2444444444444445,27.099999999999998,14.211111111111112,85.69999999999999,10.611111111111109,0.5481111111111111,19.633333333333333,-0.3999999999999999,2.0,0.0,0.0,1.0,0.0,1.0,0.0,0.0,0.0,1.0,0.0,0.0,2.0,0.0,1.0,1.0,0.0
HOU17-18,40.3,0.5395555555555556,72.2,31.6,0.3293333333333333,85.5,38.20000000000001,14.355555555555554,29.77777777777778,8.399999999999999,1.5999999999999999,19.8,3.2,62.8,15.800000000000002,957,72.10000000000001,4.11,157.9,34.7,0.7805555555555558,43.7,590,402,17354.0,16.6,15.100000000000001,3.8666666666666663,1039,150.89999999999998,32.800000000000004,210.50000000000003,15.499999999999998,1.722222222222222,22.6,11.088888888888889,77.69999999999999,9.877777777777778,0.5897777777777778,19.922222222222224,20.700000000000003,1.0,0.0,0.0,1.0,0.0,2.0,0.0,0.0,0.0,0.0,1.0,1.0,0.0,0.0,2.0,1.0,1.0
NOP17-18,58.2,0.5462222222222223,105.9,17.1,0.3181111111111111,46.9,45.800000000000004,15.32222222222222,26.77777777777778,10.299999999999999,1.9222222222222218,2.1,0.8999999999999999,67.8,16.533333333333335,974,75.19999999999999,4.397,152.7,29.5,0.7324444444444445,38.3,632,377,17224.0,1.0,16.2,4.199999999999999,998,142.39999999999998,35.7,196.59999999999997,13.600000000000001,1.5111111111111113,25.7,12.699999999999998,84.10000000000001,10.577777777777778,0.5760000000000001,19.666666666666668,12.600000000000001,0.0,0.0,1.0,0.0,0.0,0.0,1.0,1.0,0.0,1.0,0.0,2.0,0.0,0.0,2.0,1.0,1.0
SAS17-18,57.099999999999994,0.486,115.69999999999999,16.5,0.3356666666666667,46.49999999999999,42.2,14.211111111111112,29.77777777777778,11.3,2.0444444444444443,8.799999999999999,10.799999999999999,65.5,16.066666666666666,942,73.5,4.062,162.29999999999998,31.200000000000003,0.7724444444444445,39.89999999999999,661,367,15987.0,-2.1999999999999997,19.900000000000002,4.833333333333333,967,138.1,32.9,194.70000000000002,14.9,1.6555555555555557,24.599999999999998,12.322222222222221,85.3,10.411111111111111,0.5406666666666666,20.1,13.0,0.0,0.0,2.0,0.0,1.0,0.0,0.0,0.0,1.0,1.0,0.0,0.0,0.0,1.0,2.0,1.0,1.0
DAL17-18,51.199999999999996,0.5277777777777778,98.6,21.1,0.31622222222222224,58.699999999999996,44.2,15.866666666666667,28.333333333333332,10.2,2.011111111111111,1.1000000000000012,3.2,65.5,16.68888888888889,982,72.3,4.2909999999999995,157.4,25.500000000000004,0.7624444444444446,34.1,649,378,16206.0,-2.0,18.1,4.222222222222222,999,135.9,37.3,191.2,12.6,1.4,22.2,11.344444444444443,83.3,10.244444444444445,0.5654444444444445,19.56666666666667,7.0,2.0,1.0,0.0,0.0,1.0,1.0,0.0,0.0,0.0,1.0,1.0,1.0,0.0,0.0,1.0,0.0,0.0
MEM17-18,54.1,0.48877777777777776,110.3,16.5,0.30400000000000005,48.20000000000001,40.8,14.988888888888887,25.77777777777778,9.6,1.9777777777777779,-12.200000000000001,-3.899999999999999,62.900000000000006,16.37777777777778,998,70.7,4.045,158.59999999999997,32.5,0.776,41.50000000000001,575,348,14349.0,-8.2,18.900000000000002,4.677777777777778,947,122.20000000000002,48.1,190.6,13.5,1.5,27.4,13.366666666666667,81.50000000000001,10.366666666666667,0.5393333333333334,20.1,2.9,1.0,0.0,1.0,0.0,0.0,1.0,1.0,0.0,0.0,2.0,1.0,1.0,0.0,0.0,1.0,0.0,0.0
ATL17-18,50.3,0.4862222222222223,102.99999999999999,19.7,0.3464444444444445,55.6,48.60000000000001,17.61111111111111,24.555555555555557,8.1,1.588888888888889,-11.8,-3.8999999999999995,60.099999999999994,15.222222222222221,998,70.2,4.017,158.29999999999998,31.000000000000004,0.7913333333333333,39.5,580,310,13873.0,-7.7,15.499999999999998,3.9444444444444446,953,124.6,37.50000000000001,191.1,14.100000000000001,1.5666666666666669,28.499999999999996,13.944444444444443,75.5,9.577777777777776,0.548,20.288888888888888,4.0,0.0,2.0,0.0,0.0,0.0,0.0,1.0,0.0,0.0,2.0,1.0,0.0,1.0,0.0,1.0,1.0,0.0
