Name,2P,2P%,2PA,3P,3P%,3PA,AST,AST%,Age,BLK,BLK%,BPM,DBPM,DRB,DRB%,DRtg,FG,FG%,FGA,FT,FT%,FTA,G,GS,MP,OBPM,ORB,ORB%,ORtg,PER,PF,PTS,Pos,STL,STL%,TOV,TOV%,TRB,TRB%,TS%,Tm,USG%,VORP,c_cluster_0,c_cluster_1,c_cluster_2,pf_cluster_0,pf_cluster_1,pf_cluster_2,pf_cluster_3,pf_cluster_4,pg_cluster_0,pg_cluster_1,pg_cluster_2,sf_cluster_0,sf_cluster_1,sf_cluster_2,sg_cluster_0,sg_cluster_1
D.J. Augustin,3.6,0.485,7.5,3.2,0.419,7.6,8.0,24.4,30,0.0,0.0,-0.9,-2.5,3.6,8.2,113,6.8,0.452,15.0,4.6,0.868,5.3,75,36,1760.0,1.5,0.8,1.9,116,15.4,2.6,21.3,PG,1.5,1.5,3.4,16.5,4.5,5.0,0.615,ORL,18.6,0.5,0.0,0.0,0.0,0.0,0.0,0.0,0.0,0.0,0.0,1.0,0.0,0.0,0.0,0.0,0.0,0.0
Lonzo Ball,3.0,0.42,7.2,2.4,0.305,7.9,10.1,29.2,20,1.2,2.0,1.7,2.5,7.8,17.3,106,5.5,0.36,15.2,0.9,0.451,1.9,52,50,1780.0,-0.8,1.9,4.2,97,12.5,3.1,14.2,PG,2.4,2.4,3.7,18.6,9.7,10.8,0.444,LAL,17.4,1.7,0.0,0.0,0.0,0.0,0.0,0.0,0.0,0.0,1.0,0.0,0.0,0.0,0.0,0.0,0.0,0.0
J.J. Barea,5.9,0.499,11.8,3.6,0.3670000000000001,9.8,13.6,45.1,33,0.1,0.2,0.1,-2.3,5.8,13.4,112,9.5,0.439,21.6,2.5,0.784,3.2,69,10,1603.0,2.4,0.5,1.0,109,17.8,2.6,25.1,PG,1.1,1.1,4.5,16.3,6.3,7.0,0.545,DAL,24.9,0.8,0.0,0.0,0.0,0.0,0.0,0.0,0.0,0.0,0.0,0.0,1.0,0.0,0.0,0.0,0.0,0.0
Eric Bledsoe,7.4,0.545,13.5,2.7,0.34700000000000003,7.7,7.9,25.7,28,0.9,1.5,2.1,-0.3,5.0,11.7,108,10.0,0.473,21.2,5.4,0.795,6.8,74,74,2322.0,2.4,1.1,2.6,108,19.7,4.0,28.2,PG,3.2,3.2,4.6,16.1,6.1,7.1,0.5820000000000001,TOT,26.1,2.4,0.0,0.0,0.0,0.0,0.0,0.0,0.0,0.0,0.0,0.0,1.0,0.0,0.0,0.0,0.0,0.0
Malcolm Brogdon,6.3,0.532,11.9,2.2,0.385,5.6,5.3,16.3,25,0.5,0.8,-1.3,-1.9,4.6,10.8,113,8.5,0.485,17.5,2.6,0.882,3.0,48,20,1436.0,0.6,0.8,1.9,112,14.3,4.4,21.7,PG,1.4,1.4,2.3,10.9,5.4,6.4,0.578,MIL,19.1,0.2,0.0,0.0,0.0,0.0,0.0,0.0,0.0,0.0,0.0,1.0,0.0,0.0,0.0,0.0,0.0,0.0
Jose Calderon,2.6,0.545,4.7,2.4,0.464,5.2,6.3,17.4,36,0.1,0.2,-1.9,-2.0,3.8,8.5,115,5.0,0.503,9.9,1.3,0.8,1.6,57,32,914.0,0.1,0.8,1.7,122,11.3,4.3,13.7,PG,1.4,1.4,2.2,17.1,4.5,5.2,0.643,CLE,11.6,0.0,0.0,0.0,0.0,0.0,0.0,0.0,0.0,0.0,0.0,1.0,0.0,0.0,0.0,0.0,0.0,0.0
Michael Carter-Williams,3.6,0.365,9.9,0.8,0.237,3.4,6.8,19.4,26,1.3,2.3,-0.6,2.0,5.9,13.3,107,4.4,0.332,13.4,4.3,0.82,5.2,52,2,835.0,-2.6,2.2,4.7,98,10.8,5.8,14.0,PG,2.6,2.6,3.0,16.2,8.1,8.9,0.446,CHO,16.6,0.3,0.0,0.0,0.0,0.0,0.0,0.0,0.0,0.0,0.0,1.0,0.0,0.0,0.0,0.0,0.0,0.0
Mario Chalmers,4.1,0.456,9.0,1.9,0.277,6.8,7.0,21.5,31,0.5,0.9,-2.7,-0.5,5.1,12.0,110,6.0,0.379,15.8,4.2,0.855,4.9,66,10,1421.0,-2.2,0.5,1.0,96,10.4,6.4,18.0,PG,2.8,2.8,4.2,18.8,5.6,6.4,0.503,MEM,19.6,-0.3,0.0,0.0,0.0,0.0,0.0,0.0,0.0,0.0,0.0,1.0,0.0,0.0,0.0,0.0,0.0,0.0
Darren Collison,5.4,0.508,10.7,2.4,0.468,5.1,9.1,26.4,30,0.4,0.7,2.2,-1.0,3.5,7.8,110,7.8,0.495,15.8,3.1,0.882,3.6,69,64,2018.0,3.1,0.9,2.1,126,18.8,3.0,21.2,PG,2.3,2.3,2.1,10.9,4.4,5.0,0.61,IND,17.4,2.1,0.0,0.0,0.0,0.0,0.0,0.0,0.0,0.0,0.0,1.0,0.0,0.0,0.0,0.0,0.0,0.0
Stephen Curry,6.4,0.595,10.7,6.3,0.423,14.8,9.2,30.3,29,0.2,0.4,8.6,-1.3,6.6,14.4,108,12.6,0.495,25.5,8.2,0.921,8.9,51,51,1631.0,9.9,1.1,2.7,125,28.2,3.4,39.8,PG,2.4,2.4,4.5,13.3,7.7,9.0,0.675,GSW,31.0,4.4,0.0,0.0,0.0,0.0,0.0,0.0,0.0,0.0,0.0,0.0,1.0,0.0,0.0,0.0,0.0,0.0
Malcolm Delaney,3.0,0.391,7.8,2.2,0.371,6.0,7.9,23.4,28,0.3,0.5,-3.6,-1.5,4.4,10.0,113,5.3,0.382,13.7,3.6,0.804,4.4,54,3,1014.0,-2.0,0.4,1.0,104,10.6,3.9,16.3,PG,1.7,1.7,3.2,16.9,4.8,5.5,0.519,ATL,16.9,-0.4,0.0,0.0,0.0,0.0,0.0,0.0,0.0,0.0,0.0,1.0,0.0,0.0,0.0,0.0,0.0,0.0
Spencer Dinwiddie,3.9,0.452,8.5,3.0,0.326,9.1,11.0,35.0,24,0.5,0.7,0.2,-1.8,4.6,10.2,112,6.8,0.387,17.6,4.6,0.813,5.6,80,58,2306.0,2.1,0.8,1.8,114,15.9,3.9,21.2,PG,1.4,1.4,2.7,11.8,5.5,6.0,0.527,BRK,20.3,1.3,0.0,0.0,0.0,0.0,0.0,0.0,0.0,0.0,0.0,1.0,0.0,0.0,0.0,0.0,0.0,0.0
Goran Dragic,7.9,0.481,16.4,2.3,0.37,6.3,7.6,25.4,31,0.3,0.4,-0.1,-1.1,5.3,12.0,109,10.2,0.45,22.7,4.6,0.8009999999999999,5.7,75,75,2378.0,1.0,1.1,2.5,108,16.6,3.8,27.4,PG,1.3,1.3,3.5,12.2,6.5,7.2,0.5429999999999999,MIA,25.7,1.2,0.0,0.0,0.0,0.0,0.0,0.0,0.0,0.0,0.0,0.0,1.0,0.0,0.0,0.0,0.0,0.0
Kris Dunn,7.8,0.457,17.0,1.4,0.321,4.3,9.9,33.3,23,0.9,1.6,-0.1,1.4,6.3,14.4,107,9.2,0.429,21.3,2.7,0.737,3.6,52,43,1525.0,-1.4,0.8,1.6,96,14.5,5.6,22.4,PG,3.3,3.3,4.8,17.3,7.1,7.8,0.488,CHI,24.7,0.7,0.0,0.0,0.0,0.0,0.0,0.0,0.0,0.0,0.0,1.0,0.0,0.0,0.0,0.0,0.0,0.0
Tyler Ennis,5.6,0.476,11.8,1.0,0.25,3.9,7.4,21.9,23,0.7,1.2,-2.9,-0.1,5.3,11.8,108,6.6,0.42,15.7,1.5,0.759,2.0,54,11,683.0,-2.8,1.3,3.0,101,11.1,5.3,15.7,PG,2.1,2.1,2.7,13.8,6.7,7.4,0.473,LAL,17.1,-0.1,0.0,0.0,0.0,0.0,0.0,0.0,0.0,0.0,0.0,1.0,0.0,0.0,0.0,0.0,0.0,0.0
Jawun Evans,4.6,0.3720000000000001,12.4,0.9,0.278,3.4,6.3,17.8,21,0.4,0.6,-4.7,-0.5,4.7,10.4,111,5.6,0.35200000000000004,15.8,2.4,0.7759999999999999,3.1,48,4,778.0,-4.2,0.6,1.3,90,7.2,6.1,14.4,PG,2.3,2.3,2.8,13.8,5.3,5.9,0.421,LAC,17.7,-0.5,0.0,0.0,0.0,0.0,0.0,0.0,0.0,0.0,0.0,1.0,0.0,0.0,0.0,0.0,0.0,0.0
Tyreke Evans,7.9,0.482,16.5,3.6,0.399,9.0,8.5,31.2,28,0.5,1.0,3.6,-0.8,7.0,16.3,111,11.5,0.452,25.5,5.2,0.785,6.6,52,32,1607.0,4.4,1.4,3.1,111,21.1,3.0,31.8,PG,1.8,1.8,3.7,11.5,8.3,9.5,0.561,MEM,28.4,2.3,0.0,0.0,0.0,0.0,0.0,0.0,0.0,0.0,0.0,0.0,1.0,0.0,0.0,0.0,0.0,0.0
Raymond Felton,5.2,0.444,11.7,2.9,0.35200000000000004,8.4,7.4,22.5,33,0.6,1.1,-2.8,-1.7,4.8,11.0,109,8.1,0.406,20.1,1.3,0.818,1.6,82,2,1365.0,-1.1,0.9,2.0,105,13.0,3.3,20.5,PG,1.8,1.8,2.8,11.7,5.7,6.3,0.494,OKC,20.4,-0.3,0.0,0.0,0.0,0.0,0.0,0.0,0.0,0.0,0.0,1.0,0.0,0.0,0.0,0.0,0.0,0.0
De'Aaron Fox,7.0,0.436,16.1,1.2,0.307,3.8,8.0,24.6,20,0.5,0.9,-4.4,-1.5,4.3,10.0,113,8.2,0.412,19.9,3.5,0.723,4.9,73,60,2026.0,-2.8,0.8,1.8,94,11.2,4.1,21.1,PG,1.7,1.7,4.3,16.4,5.1,5.7,0.478,SAC,23.4,-1.2,0.0,0.0,0.0,0.0,0.0,0.0,0.0,0.0,0.0,1.0,0.0,0.0,0.0,0.0,0.0,0.0
Tim Frazier,3.0,0.44,6.9,1.0,0.304,3.3,11.5,31.1,27,0.4,0.7,-2.1,0.3,5.7,13.1,107,4.0,0.395,10.2,1.4,0.767,1.8,59,11,838.0,-2.4,1.1,2.4,105,11.3,5.7,10.4,PG,2.8,2.8,3.4,23.5,6.8,7.8,0.475,WAS,12.8,0.0,0.0,0.0,0.0,0.0,0.0,0.0,0.0,0.0,0.0,1.0,0.0,0.0,0.0,0.0,0.0,0.0
Jerian Grant,4.3,0.468,9.1,1.8,0.326,5.4,9.9,30.1,25,0.2,0.4,-2.0,-1.8,4.1,9.3,112,6.1,0.416,14.6,4.1,0.745,5.4,74,26,1686.0,-0.1,0.9,1.9,112,14.3,3.8,17.9,PG,1.8,1.8,2.6,13.2,5.0,5.5,0.528,CHI,17.4,0.0,0.0,0.0,0.0,0.0,0.0,0.0,0.0,0.0,0.0,1.0,0.0,0.0,0.0,0.0,0.0,0.0
Devin Harris,4.0,0.476,8.5,2.9,0.348,8.5,5.7,16.9,34,0.4,0.8,-2.0,-1.9,4.3,9.8,111,7.0,0.412,16.9,5.3,0.835,6.3,71,1,1340.0,-0.1,0.4,1.0,110,13.0,5.9,22.2,PG,1.8,1.8,2.8,12.6,4.7,5.3,0.563,TOT,20.2,0.0,0.0,0.0,0.0,0.0,0.0,0.0,0.0,0.0,0.0,1.0,0.0,0.0,0.0,0.0,0.0,0.0
Andrew Harrison,5.1,0.467,10.9,1.8,0.331,5.4,6.7,21.3,23,1.0,1.8,-2.5,-1.5,4.1,9.7,113,6.9,0.422,16.4,4.7,0.78,6.1,56,46,1326.0,-0.9,0.9,2.0,106,12.7,5.3,20.3,PG,1.4,1.4,3.1,14.0,5.0,5.7,0.534,MEM,19.6,-0.2,0.0,0.0,0.0,0.0,0.0,0.0,0.0,0.0,0.0,1.0,0.0,0.0,0.0,0.0,0.0,0.0
George Hill,4.2,0.49,8.5,2.3,0.415,5.7,5.1,15.0,31,0.7,1.3,-0.6,-0.9,3.8,8.9,113,6.5,0.46,14.1,3.0,0.7859999999999999,3.9,67,60,1812.0,0.3,1.2,2.6,113,13.3,3.5,18.4,PG,1.7,1.7,2.4,13.3,5.0,5.7,0.58,TOT,16.3,0.6,0.0,0.0,0.0,0.0,0.0,0.0,0.0,0.0,0.0,1.0,0.0,0.0,0.0,0.0,0.0,0.0
Kyrie Irving,9.5,0.541,17.6,4.3,0.408,10.5,7.9,30.7,25,0.4,0.7,6.2,-0.7,5.0,10.8,106,13.8,0.491,28.1,6.0,0.889,6.8,60,60,1931.0,6.9,0.9,1.9,118,25.0,3.2,37.9,PG,1.7,1.7,3.6,10.4,5.9,6.4,0.61,BOS,31.0,4.0,0.0,0.0,0.0,0.0,0.0,0.0,0.0,0.0,0.0,0.0,1.0,0.0,0.0,0.0,0.0,0.0
Jarrett Jack,5.3,0.459,11.4,0.8,0.29100000000000004,2.8,11.1,31.3,34,0.1,0.2,-3.5,-1.7,5.4,12.1,114,6.1,0.4270000000000001,14.2,2.0,0.84,2.4,62,56,1548.0,-1.9,0.7,1.6,103,11.5,3.1,14.9,PG,1.1,1.1,3.7,19.5,6.1,6.8,0.489,NYK,16.7,-0.6,0.0,0.0,0.0,0.0,0.0,0.0,0.0,0.0,0.0,1.0,0.0,0.0,0.0,0.0,0.0,0.0
Reggie Jackson,8.1,0.475,16.9,2.2,0.308,7.0,9.9,32.8,27,0.2,0.3,-1.5,-2.3,4.0,9.0,111,10.2,0.426,24.0,4.7,0.836,5.6,45,45,1201.0,0.8,1.2,2.6,105,15.9,3.6,27.2,PG,1.1,1.1,4.1,13.5,5.2,5.7,0.516,DET,27.1,0.2,0.0,0.0,0.0,0.0,0.0,0.0,0.0,0.0,0.0,0.0,1.0,0.0,0.0,0.0,0.0,0.0
Tyler Johnson,4.6,0.491,9.5,2.9,0.3670000000000001,7.9,4.0,12.4,25,0.8,1.4,-0.2,-0.1,5.2,11.7,108,7.6,0.435,17.4,2.6,0.8220000000000001,3.2,72,39,2052.0,-0.1,0.8,1.9,109,13.0,3.6,20.6,PG,1.5,1.5,2.0,9.5,6.1,6.8,0.5489999999999999,MIA,18.6,0.9,0.0,0.0,0.0,0.0,0.0,0.0,0.0,0.0,0.0,1.0,0.0,0.0,0.0,0.0,0.0,0.0
Tyus Jones,3.6,0.528,6.8,1.5,0.349,4.4,7.9,21.2,21,0.2,0.4,0.5,-0.3,4.0,9.2,110,5.1,0.457,11.2,2.4,0.877,2.8,82,11,1467.0,0.8,0.5,1.2,119,14.1,3.7,14.2,PG,3.2,3.2,2.0,14.0,4.5,5.2,0.5720000000000001,MIN,12.7,0.9,0.0,0.0,0.0,0.0,0.0,0.0,0.0,0.0,0.0,1.0,0.0,0.0,0.0,0.0,0.0,0.0
Cory Joseph,4.3,0.457,9.4,1.5,0.353,4.3,5.9,16.1,26,0.4,0.7,-1.2,0.1,5.1,11.4,110,5.8,0.424,13.7,1.6,0.745,2.1,82,17,2210.0,-1.3,0.9,2.0,106,11.0,3.2,14.7,PG,1.8,1.8,2.0,11.9,5.9,6.7,0.503,IND,14.8,0.5,0.0,0.0,0.0,0.0,0.0,0.0,0.0,0.0,0.0,1.0,0.0,0.0,0.0,0.0,0.0,0.0
Shane Larkin,3.4,0.398,8.6,2.0,0.36,5.5,6.3,18.5,25,0.1,0.3,-2.1,0.2,5.0,10.7,106,5.4,0.384,14.1,2.1,0.865,2.4,54,2,775.0,-2.3,1.0,2.1,104,10.4,3.7,14.9,PG,1.9,1.9,2.1,12.3,5.9,6.5,0.491,BOS,15.5,0.0,0.0,0.0,0.0,0.0,0.0,0.0,0.0,0.0,0.0,1.0,0.0,0.0,0.0,0.0,0.0,0.0
Damian Lillard,7.3,0.501,14.6,4.2,0.361,11.7,9.0,30.9,27,0.5,0.8,6.7,-1.0,4.9,10.6,109,11.6,0.439,26.4,9.2,0.916,10.0,73,73,2670.0,7.7,1.2,2.6,120,25.2,2.2,36.6,PG,1.4,1.4,3.8,11.1,6.1,6.6,0.594,POR,30.6,5.9,0.0,0.0,0.0,0.0,0.0,0.0,0.0,0.0,0.0,0.0,1.0,0.0,0.0,0.0,0.0,0.0
Shaun Livingston,7.3,0.509,14.4,0.0,0.0,0.2,6.0,16.8,32,0.9,1.5,-3.5,-0.9,4.2,9.2,110,7.3,0.501,14.6,2.1,0.82,2.6,71,7,1129.0,-2.6,1.4,3.4,108,11.6,5.0,16.8,PG,1.5,1.5,2.5,13.6,5.6,6.5,0.5329999999999999,GSW,16.7,-0.4,0.0,0.0,0.0,0.0,0.0,0.0,0.0,0.0,0.0,1.0,0.0,0.0,0.0,0.0,0.0,0.0
Kyle Lowry,3.2,0.474,6.8,4.7,0.399,11.7,10.5,30.9,31,0.4,0.6,5.9,0.5,7.2,16.1,107,7.9,0.4270000000000001,18.5,4.4,0.8540000000000001,5.1,78,78,2510.0,5.4,1.3,3.0,120,19.5,3.8,24.9,PG,1.7,1.7,3.6,14.7,8.5,9.7,0.598,TOR,21.7,5.0,0.0,0.0,0.0,0.0,0.0,0.0,0.0,0.0,0.0,0.0,1.0,0.0,0.0,0.0,0.0,0.0
Shelvin Mack,4.7,0.473,9.9,1.7,0.345,5.0,9.8,29.5,27,0.3,0.5,-2.4,-1.2,5.1,11.6,111,6.4,0.43,14.8,2.5,0.711,3.5,69,3,1365.0,-1.2,0.8,1.8,106,13.3,3.3,17.0,PG,1.9,1.9,3.2,16.3,6.0,6.7,0.518,ORL,17.6,-0.1,0.0,0.0,0.0,0.0,0.0,0.0,0.0,0.0,0.0,1.0,0.0,0.0,0.0,0.0,0.0,0.0
Frank Mason,5.8,0.384,15.1,1.6,0.36,4.4,7.6,22.7,23,0.5,1.0,-3.4,-1.4,5.1,12.1,112,7.4,0.379,19.5,4.8,0.8170000000000001,5.9,52,2,984.0,-2.0,1.5,3.3,100,13.0,3.7,21.2,PG,1.7,1.7,3.3,13.1,6.7,7.5,0.48,SAC,22.6,-0.4,0.0,0.0,0.0,0.0,0.0,0.0,0.0,0.0,0.0,1.0,0.0,0.0,0.0,0.0,0.0,0.0
T.J. McConnell,5.2,0.51,10.1,0.8,0.435,1.7,8.5,24.5,25,0.4,0.6,-0.7,1.1,5.3,11.5,105,5.9,0.499,11.9,0.9,0.795,1.1,76,1,1706.0,-1.8,1.0,2.4,109,12.5,3.4,13.5,PG,2.6,2.6,3.2,20.4,6.4,7.1,0.545,PHI,13.8,0.5,0.0,0.0,0.0,0.0,0.0,0.0,0.0,0.0,0.0,1.0,0.0,0.0,0.0,0.0,0.0,0.0
Patty Mills,3.0,0.47,6.4,3.7,0.3720000000000001,9.9,5.5,16.0,29,0.3,0.4,-0.4,-1.3,3.1,6.8,109,6.7,0.411,16.4,2.5,0.89,2.8,82,36,2107.0,0.9,0.6,1.4,109,11.8,3.1,19.6,PG,1.3,1.3,2.5,12.6,3.7,4.1,0.5579999999999999,SAS,17.8,0.9,0.0,0.0,0.0,0.0,0.0,0.0,0.0,0.0,0.0,1.0,0.0,0.0,0.0,0.0,0.0,0.0
Emmanuel Mudiay,6.3,0.415,15.0,1.9,0.318,5.9,8.2,24.5,21,0.4,0.8,-4.7,-2.1,5.0,11.3,113,8.1,0.388,20.9,3.9,0.76,5.1,64,14,1245.0,-2.6,1.0,2.3,96,11.5,3.2,22.0,PG,1.6,1.6,4.5,16.2,6.1,6.8,0.474,TOT,24.3,-0.9,0.0,0.0,0.0,0.0,0.0,0.0,0.0,0.0,0.0,1.0,0.0,0.0,0.0,0.0,0.0,0.0
Dejounte Murray,7.6,0.454,16.7,0.3,0.265,1.0,6.7,20.2,21,0.9,1.5,1.2,3.4,10.1,22.4,101,7.8,0.443,17.7,3.0,0.7090000000000001,4.3,81,48,1743.0,-2.2,3.2,7.0,99,15.1,4.4,19.0,PG,2.8,2.8,3.9,16.6,13.3,14.6,0.485,SAS,20.7,1.4,0.0,0.0,0.0,0.0,0.0,0.0,0.0,0.0,1.0,0.0,0.0,0.0,0.0,0.0,0.0,0.0
Jamal Murray,6.1,0.502,12.1,3.2,0.378,8.4,5.3,16.4,20,0.5,0.9,-0.2,-2.0,4.2,9.4,113,9.3,0.451,20.5,4.4,0.905,4.9,81,80,2565.0,1.8,1.6,3.6,112,16.1,3.3,26.1,PG,1.5,1.5,3.3,12.8,5.7,6.5,0.5760000000000001,DEN,22.8,1.2,0.0,0.0,0.0,0.0,0.0,0.0,0.0,0.0,0.0,1.0,0.0,0.0,0.0,0.0,0.0,0.0
Shabazz Napier,4.6,0.45,10.1,2.7,0.376,7.1,4.9,14.6,26,0.5,0.7,0.2,0.3,4.7,10.1,106,7.2,0.42,17.2,3.8,0.841,4.5,74,10,1535.0,-0.2,0.8,1.9,107,14.2,2.7,20.9,PG,2.6,2.6,2.9,13.2,5.5,6.0,0.544,POR,19.5,0.8,0.0,0.0,0.0,0.0,0.0,0.0,0.0,0.0,0.0,1.0,0.0,0.0,0.0,0.0,0.0,0.0
Jameer Nelson,2.6,0.45,5.7,1.9,0.331,5.9,8.5,22.8,35,0.2,0.3,-4.0,-1.5,4.3,9.5,112,4.5,0.389,11.6,0.8,0.8,0.9,50,0,1013.0,-2.6,0.6,1.4,99,8.1,3.8,11.7,PG,1.3,1.3,3.2,21.0,4.9,5.6,0.489,TOT,13.7,-0.5,0.0,0.0,0.0,0.0,0.0,0.0,0.0,0.0,0.0,1.0,0.0,0.0,0.0,0.0,0.0,0.0
Raul Neto,5.0,0.481,10.5,1.9,0.404,4.7,7.6,23.0,25,0.4,0.7,-3.2,-1.1,4.2,9.5,108,6.9,0.457,15.2,2.6,0.743,3.5,41,0,498.0,-2.1,0.7,1.6,105,11.9,3.8,18.4,PG,1.3,1.3,3.6,17.8,4.9,5.6,0.55,UTA,18.3,-0.1,0.0,0.0,0.0,0.0,0.0,0.0,0.0,0.0,0.0,1.0,0.0,0.0,0.0,0.0,0.0,0.0
Frank Ntilikina,3.8,0.385,10.0,1.5,0.318,4.6,7.3,20.0,19,0.5,0.9,-3.9,-0.5,4.1,9.1,112,5.3,0.364,14.5,1.4,0.721,2.0,78,9,1706.0,-3.5,1.1,2.4,89,7.0,5.3,13.5,PG,1.9,1.9,3.8,19.8,5.1,5.8,0.4370000000000001,NYK,16.9,-0.8,0.0,0.0,0.0,0.0,0.0,0.0,0.0,0.0,0.0,1.0,0.0,0.0,0.0,0.0,0.0,0.0
Tony Parker,7.9,0.479,16.6,0.5,0.27,1.7,9.2,28.2,35,0.0,0.1,-4.1,-1.7,4.2,9.2,109,8.4,0.459,18.3,2.6,0.705,3.7,55,21,1071.0,-2.4,0.3,0.7,103,12.7,2.5,19.9,PG,1.3,1.3,3.2,13.9,4.5,4.9,0.498,SAS,20.5,-0.6,0.0,0.0,0.0,0.0,0.0,0.0,0.0,0.0,0.0,1.0,0.0,0.0,0.0,0.0,0.0,0.0
Chris Paul,5.9,0.532,11.2,3.8,0.38,10.1,12.2,40.9,32,0.4,0.6,7.1,0.9,7.4,16.7,105,9.8,0.46,21.3,5.4,0.919,5.9,58,58,1847.0,6.2,1.0,2.3,126,24.4,3.8,28.8,PG,2.6,2.6,3.4,12.5,8.3,9.5,0.604,HOU,24.5,4.3,0.0,0.0,0.0,0.0,0.0,0.0,0.0,0.0,0.0,0.0,1.0,0.0,0.0,0.0,0.0,0.0
Elfrid Payton,8.0,0.52,15.5,0.8,0.326,2.5,10.6,34.9,23,0.6,1.0,0.1,0.0,5.6,12.8,111,8.8,0.493,17.9,2.9,0.649,4.5,63,63,1808.0,0.1,1.7,3.8,105,16.5,4.0,21.4,PG,2.2,2.2,4.5,18.5,7.4,8.2,0.5379999999999999,TOT,21.9,1.0,0.0,0.0,0.0,0.0,0.0,0.0,0.0,0.0,0.0,1.0,0.0,0.0,0.0,0.0,0.0,0.0
Rajon Rondo,5.1,0.526,9.6,1.4,0.333,4.2,14.9,42.2,31,0.3,0.5,-1.1,-0.7,6.5,14.2,109,6.5,0.468,13.8,0.7,0.5429999999999999,1.3,65,63,1705.0,-0.4,0.9,2.0,109,15.3,3.3,15.0,PG,2.0,2.0,4.2,22.7,7.4,8.4,0.522,NOP,16.9,0.4,0.0,0.0,0.0,0.0,0.0,0.0,0.0,0.0,0.0,1.0,0.0,0.0,0.0,0.0,0.0,0.0
Terry Rozier,3.9,0.41,9.6,3.7,0.381,9.7,5.6,17.5,23,0.5,0.8,1.8,1.0,7.6,16.3,104,7.6,0.395,19.3,2.8,0.772,3.6,80,16,2068.0,0.8,1.5,3.4,109,15.1,3.0,21.7,PG,1.9,1.9,1.9,8.5,9.1,9.9,0.52,BOS,20.4,2.0,0.0,0.0,0.0,0.0,0.0,0.0,0.0,0.0,0.0,1.0,0.0,0.0,0.0,0.0,0.0,0.0
Ricky Rubio,5.6,0.451,12.3,2.1,0.35200000000000004,6.1,9.1,28.4,27,0.2,0.4,1.7,1.6,6.8,15.3,103,7.7,0.418,18.4,4.9,0.866,5.7,77,77,2254.0,0.1,1.0,2.2,105,15.4,4.6,22.4,PG,2.7,2.7,4.6,18.1,7.8,8.8,0.537,UTA,22.9,2.1,0.0,0.0,0.0,0.0,0.0,0.0,0.0,0.0,0.0,1.0,0.0,0.0,0.0,0.0,0.0,0.0
D'Angelo Russell,7.4,0.477,15.5,3.5,0.324,10.9,9.8,35.7,21,0.7,1.0,-0.4,-1.2,6.3,13.8,111,10.9,0.414,26.4,3.8,0.74,5.2,48,35,1234.0,0.8,1.2,2.6,98,15.2,3.7,29.2,PG,1.4,1.4,5.8,16.8,7.4,8.1,0.509,BRK,30.8,0.5,0.0,0.0,0.0,0.0,0.0,0.0,0.0,0.0,0.0,0.0,1.0,0.0,0.0,0.0,0.0,0.0
Dennis Schroder,10.0,0.48,20.8,1.8,0.29,6.2,9.8,36.2,24,0.1,0.2,-0.7,-2.2,3.9,8.8,113,11.8,0.436,26.9,5.3,0.8490000000000001,6.2,67,67,2078.0,1.5,1.0,2.4,104,17.3,3.5,30.6,PG,1.7,1.7,4.3,12.7,4.9,5.6,0.515,ATL,30.4,0.7,0.0,0.0,0.0,0.0,0.0,0.0,0.0,0.0,0.0,0.0,1.0,0.0,0.0,0.0,0.0,0.0
Ben Simmons,9.6,0.551,17.4,0.0,0.0,0.2,11.6,37.4,21,1.2,2.1,4.6,3.6,9.0,19.5,102,9.6,0.545,17.6,3.4,0.56,6.0,81,81,2732.0,1.0,2.6,5.9,111,20.0,3.7,22.5,PG,2.5,2.5,4.9,19.5,11.6,13.0,0.557,PHI,22.3,4.6,0.0,0.0,0.0,0.0,0.0,0.0,0.0,0.0,1.0,0.0,0.0,0.0,0.0,0.0,0.0,0.0
Dennis Smith,7.3,0.435,16.8,2.6,0.313,8.3,8.8,29.5,20,0.4,0.8,-2.3,-0.7,5.1,11.8,110,9.9,0.395,25.1,3.3,0.6940000000000001,4.7,69,69,2049.0,-1.5,1.2,2.6,93,12.8,3.7,25.7,PG,1.7,1.7,4.8,15.0,6.4,7.0,0.473,DAL,28.9,-0.1,0.0,0.0,0.0,0.0,0.0,0.0,0.0,0.0,0.0,1.0,0.0,0.0,0.0,0.0,0.0,0.0
Ish Smith,8.6,0.506,17.1,0.9,0.34700000000000003,2.5,8.8,28.4,29,0.5,0.9,-1.2,-0.6,4.8,10.9,109,9.5,0.486,19.6,2.0,0.698,2.8,82,35,2043.0,-0.6,0.7,1.4,109,15.4,3.4,21.8,PG,1.6,1.6,2.6,11.2,5.5,6.1,0.525,DET,20.8,0.4,0.0,0.0,0.0,0.0,0.0,0.0,0.0,0.0,0.0,1.0,0.0,0.0,0.0,0.0,0.0,0.0
Isaiah Taylor,6.0,0.461,13.0,0.8,0.25,3.3,8.6,27.0,23,0.4,0.7,-5.4,-2.5,3.0,6.9,114,6.8,0.418,16.3,4.1,0.7020000000000001,5.9,67,9,1167.0,-2.9,0.9,2.1,101,10.9,4.9,18.6,PG,1.4,1.4,3.5,15.7,3.9,4.5,0.4920000000000001,ATL,20.1,-1.0,0.0,0.0,0.0,0.0,0.0,0.0,0.0,0.0,0.0,1.0,0.0,0.0,0.0,0.0,0.0,0.0
Jeff Teague,5.8,0.477,12.2,1.8,0.368,4.9,10.6,30.6,29,0.5,0.8,0.2,-1.3,4.0,9.3,112,7.7,0.446,17.2,4.4,0.845,5.2,70,70,2311.0,1.5,0.5,1.2,111,16.4,3.7,21.5,PG,2.2,2.2,3.8,16.4,4.5,5.2,0.5529999999999999,MIN,20.6,1.3,0.0,0.0,0.0,0.0,0.0,0.0,0.0,0.0,0.0,1.0,0.0,0.0,0.0,0.0,0.0,0.0
Milos Teodosic,2.7,0.4920000000000001,5.5,3.8,0.379,9.9,9.0,26.2,30,0.2,0.4,-1.4,-2.2,4.7,10.5,114,6.5,0.419,15.4,1.7,0.848,2.0,45,36,1134.0,0.8,0.7,1.6,107,11.6,4.4,18.4,PG,1.0,1.0,4.2,20.3,5.4,6.1,0.564,LAC,18.2,0.2,0.0,0.0,0.0,0.0,0.0,0.0,0.0,0.0,0.0,1.0,0.0,0.0,0.0,0.0,0.0,0.0
Tyler Ulis,5.0,0.425,11.7,1.2,0.28800000000000003,4.2,9.0,28.0,22,0.2,0.3,-5.2,-2.4,3.0,6.8,115,6.2,0.388,15.9,2.4,0.8320000000000001,2.9,71,43,1658.0,-2.8,0.7,1.5,96,10.1,3.5,16.0,PG,2.0,2.0,3.7,17.6,3.7,4.1,0.465,PHO,18.5,-1.3,0.0,0.0,0.0,0.0,0.0,0.0,0.0,0.0,0.0,1.0,0.0,0.0,0.0,0.0,0.0,0.0
Fred VanVleet,4.0,0.4370000000000001,9.2,3.5,0.414,8.5,7.9,22.8,23,0.6,1.0,1.9,0.1,5.2,11.5,106,7.5,0.426,17.7,2.7,0.8320000000000001,3.3,76,0,1520.0,1.9,0.8,1.9,115,15.9,4.2,21.3,PG,2.2,2.2,2.4,11.2,6.0,6.8,0.556,TOR,19.1,1.5,0.0,0.0,0.0,0.0,0.0,0.0,0.0,0.0,0.0,1.0,0.0,0.0,0.0,0.0,0.0,0.0
Kemba Walker,6.4,0.469,13.6,4.1,0.384,10.7,7.9,27.4,27,0.4,0.7,3.2,-1.9,3.9,8.7,111,10.5,0.431,24.3,6.5,0.8640000000000001,7.5,80,80,2736.0,5.1,0.6,1.2,115,20.6,1.7,31.5,PG,1.6,1.6,3.2,10.4,4.4,4.9,0.5720000000000001,CHO,27.4,3.6,0.0,0.0,0.0,0.0,0.0,0.0,0.0,0.0,0.0,0.0,1.0,0.0,0.0,0.0,0.0,0.0
John Wall,7.7,0.436,17.6,2.2,0.371,5.9,13.8,44.5,27,1.6,2.8,1.5,0.0,4.5,10.2,108,9.9,0.42,23.5,6.2,0.726,8.5,41,41,1410.0,1.6,0.8,1.8,105,19.1,2.8,28.1,PG,2.0,2.0,5.6,17.0,5.3,6.0,0.515,WAS,29.1,1.2,0.0,0.0,0.0,0.0,0.0,0.0,0.0,0.0,0.0,0.0,1.0,0.0,0.0,0.0,0.0,0.0
Russell Westbrook,11.2,0.485,23.2,1.7,0.298,5.6,14.0,49.8,29,0.3,0.6,8.2,3.1,11.1,25.7,104,12.9,0.449,28.7,7.1,0.737,9.6,80,80,2914.0,5.1,2.6,5.6,109,24.7,3.4,34.5,PG,2.5,2.5,6.5,16.4,13.7,15.3,0.524,OKC,34.1,7.5,0.0,0.0,0.0,0.0,0.0,0.0,0.0,0.0,1.0,0.0,0.0,0.0,0.0,0.0,0.0,0.0
Delon Wright,5.0,0.52,9.6,1.9,0.366,5.3,6.9,19.6,25,1.1,1.8,2.8,1.6,5.3,11.7,105,6.9,0.465,14.9,3.3,0.8290000000000001,4.0,69,4,1433.0,1.2,1.5,3.6,116,16.5,2.8,19.1,PG,2.5,2.5,2.7,13.9,6.8,7.7,0.574,TOR,17.2,1.7,0.0,0.0,0.0,0.0,0.0,0.0,0.0,0.0,0.0,1.0,0.0,0.0,0.0,0.0,0.0,0.0
Joe Young,4.9,0.458,10.7,2.2,0.379,5.9,3.5,9.9,25,0.1,0.2,-4.7,-2.3,4.6,10.3,112,7.2,0.43,16.7,2.0,0.759,2.6,53,1,558.0,-2.4,1.1,2.4,102,10.1,3.5,18.5,PG,1.3,1.3,2.3,11.6,5.6,6.4,0.521,IND,18.0,-0.4,0.0,0.0,0.0,0.0,0.0,0.0,0.0,0.0,0.0,1.0,0.0,0.0,0.0,0.0,0.0,0.0
Alex Abrines,1.4,0.443,3.1,3.7,0.38,9.7,1.2,3.4,24,0.4,0.6,-2.2,-1.7,3.9,8.9,110,5.0,0.395,12.7,1.7,0.848,2.0,75,8,1134.0,-0.5,1.1,2.5,116,9.0,5.4,15.4,SG,1.7,1.7,1.1,7.4,5.0,5.6,0.5670000000000001,OKC,12.7,-0.1,0.0,0.0,0.0,0.0,0.0,0.0,0.0,0.0,0.0,0.0,0.0,0.0,0.0,0.0,1.0,0.0
Arron Afflalo,2.7,0.413,6.6,1.9,0.386,5.0,2.2,6.2,32,0.6,1.1,-5.8,-1.8,4.5,10.1,115,4.7,0.401,11.6,1.6,0.846,1.9,53,3,682.0,-4.1,0.3,0.6,98,5.8,4.0,12.8,SG,0.3,0.3,1.5,10.8,4.7,5.3,0.516,ORL,12.5,-0.7,0.0,0.0,0.0,0.0,0.0,0.0,0.0,0.0,0.0,0.0,0.0,0.0,0.0,0.0,1.0,0.0
Dwayne Bacon,4.2,0.409,10.2,0.8,0.256,2.9,2.6,7.5,22,0.1,0.2,-5.7,-0.3,8.2,18.5,111,4.9,0.375,13.1,1.4,0.8,1.7,53,6,713.0,-5.4,0.3,0.6,88,5.8,3.1,12.0,SG,1.1,1.1,1.6,10.2,8.5,9.4,0.431,CHO,13.7,-0.7,0.0,0.0,0.0,0.0,0.0,0.0,0.0,0.0,0.0,0.0,0.0,0.0,0.0,0.0,1.0,0.0
Will Barton,5.7,0.51,11.2,2.9,0.37,7.8,6.1,18.5,27,1.0,1.6,1.0,-0.6,6.3,14.2,112,8.6,0.452,19.0,3.4,0.805,4.2,81,40,2683.0,1.6,1.3,3.0,113,16.2,3.1,23.4,SG,1.5,1.5,2.8,11.7,7.6,8.6,0.562,DEN,20.7,2.0,0.0,0.0,0.0,0.0,0.0,0.0,0.0,0.0,0.0,0.0,0.0,0.0,0.0,0.0,0.0,1.0
Nicolas Batum,4.4,0.473,9.3,2.3,0.336,6.7,8.6,26.2,29,0.6,1.0,1.4,0.5,6.1,13.8,110,6.6,0.415,16.0,2.7,0.831,3.2,64,64,1981.0,0.9,1.4,3.1,107,14.4,1.8,18.2,SG,1.6,1.6,3.2,15.6,7.5,8.4,0.523,CHO,18.3,1.7,0.0,0.0,0.0,0.0,0.0,0.0,0.0,0.0,0.0,0.0,0.0,0.0,0.0,0.0,0.0,1.0
Kent Bazemore,4.8,0.438,11.0,2.9,0.394,7.5,6.2,20.1,28,1.2,2.2,0.4,1.1,6.1,13.9,108,7.8,0.42,18.5,4.4,0.7959999999999999,5.5,65,65,1789.0,-0.6,0.7,1.6,101,14.5,4.0,22.8,SG,2.7,2.7,4.3,17.0,6.8,7.7,0.547,ATL,22.5,1.1,0.0,0.0,0.0,0.0,0.0,0.0,0.0,0.0,0.0,0.0,0.0,0.0,0.0,0.0,0.0,1.0
Bradley Beal,8.1,0.507,15.9,3.3,0.375,8.8,6.2,21.0,24,0.6,1.1,1.7,-1.0,5.0,11.5,110,11.4,0.46,24.8,4.9,0.7909999999999999,6.2,82,82,2977.0,2.7,1.0,2.3,109,18.4,2.7,31.0,SG,1.6,1.6,3.6,11.5,6.1,6.9,0.564,WAS,27.6,2.7,0.0,0.0,0.0,0.0,0.0,0.0,0.0,0.0,0.0,0.0,0.0,0.0,0.0,0.0,0.0,1.0
Malik Beasley,3.8,0.469,8.2,2.4,0.341,7.0,2.6,7.4,21,0.6,1.0,-5.1,-2.4,4.8,11.0,113,6.2,0.41,15.1,1.9,0.667,2.8,62,0,583.0,-2.8,1.2,2.7,101,9.0,3.1,16.7,SG,1.3,1.3,2.0,11.1,6.0,6.9,0.509,DEN,16.2,-0.5,0.0,0.0,0.0,0.0,0.0,0.0,0.0,0.0,0.0,0.0,0.0,0.0,0.0,0.0,1.0,0.0
Marco Belinelli,4.7,0.509,9.2,3.7,0.377,9.9,3.7,11.9,31,0.3,0.5,-1.3,-2.1,3.3,7.3,111,8.4,0.441,19.1,3.7,0.908,4.1,80,2,1947.0,0.8,0.5,1.1,111,14.1,2.3,24.2,SG,1.6,1.6,2.3,10.1,3.8,4.2,0.581,TOT,20.7,0.3,0.0,0.0,0.0,0.0,0.0,0.0,0.0,0.0,0.0,0.0,0.0,0.0,0.0,0.0,1.0,0.0
Bogdan Bogdanovic,5.0,0.485,10.3,3.0,0.392,7.7,6.0,18.3,25,0.4,0.7,-1.0,-1.5,4.5,10.5,113,8.0,0.446,18.0,2.3,0.84,2.8,78,53,2175.0,0.5,0.7,1.6,107,13.5,4.0,21.3,SG,1.7,1.7,2.9,13.2,5.2,5.8,0.556,SAC,19.6,0.6,0.0,0.0,0.0,0.0,0.0,0.0,0.0,0.0,0.0,0.0,0.0,0.0,0.0,0.0,1.0,0.0
Devin Booker,7.9,0.46,17.2,3.8,0.383,9.9,6.5,24.4,21,0.4,0.6,0.4,-2.4,5.6,12.7,115,11.7,0.4320000000000001,27.1,7.4,0.878,8.4,54,54,1865.0,2.9,0.7,1.5,105,18.1,4.3,34.5,SG,1.2,1.2,5.0,13.9,6.3,7.0,0.561,PHO,31.7,1.2,0.0,0.0,0.0,0.0,0.0,0.0,0.0,0.0,0.0,0.0,0.0,0.0,0.0,0.0,0.0,1.0
Avery Bradley,6.4,0.436,14.6,2.6,0.369,7.0,3.3,10.4,27,0.3,0.5,-4.2,-1.4,3.3,7.3,110,9.0,0.414,21.7,2.2,0.768,2.8,46,46,1433.0,-2.8,0.8,1.7,92,9.6,3.2,22.8,SG,1.8,1.8,3.5,13.3,4.0,4.5,0.496,TOT,23.5,-0.8,0.0,0.0,0.0,0.0,0.0,0.0,0.0,0.0,0.0,0.0,0.0,0.0,0.0,0.0,1.0,0.0
Jaylen Brown,5.9,0.507,11.5,2.8,0.395,7.1,2.6,8.5,21,0.6,1.0,-0.2,0.4,6.5,14.0,105,8.7,0.465,18.6,3.5,0.644,5.4,70,70,2152.0,-0.6,1.5,3.4,105,13.6,4.2,23.6,SG,1.6,1.6,2.9,12.0,8.0,8.8,0.562,BOS,21.4,1.0,0.0,0.0,0.0,0.0,0.0,0.0,0.0,0.0,0.0,0.0,0.0,0.0,0.0,0.0,0.0,1.0
Sterling Brown,3.2,0.439,7.3,2.1,0.35200000000000004,5.8,1.6,4.5,22,0.8,1.4,-4.0,-1.0,7.5,17.5,110,5.3,0.4,13.2,1.3,0.875,1.5,54,4,776.0,-3.1,1.7,4.1,100,9.1,5.1,13.9,SG,2.0,2.0,1.6,10.4,9.2,10.8,0.503,MIL,14.0,-0.4,0.0,0.0,0.0,0.0,0.0,0.0,0.0,0.0,0.0,0.0,0.0,0.0,0.0,0.0,1.0,0.0
Alec Burks,5.8,0.452,12.9,2.2,0.331,6.7,3.2,10.0,26,0.4,0.6,-2.8,-0.3,8.2,18.4,105,8.1,0.411,19.6,5.1,0.863,5.9,64,1,1059.0,-2.5,0.9,2.1,102,13.1,3.6,23.4,SG,1.8,1.8,2.8,11.4,9.1,10.3,0.527,UTA,22.5,-0.2,0.0,0.0,0.0,0.0,0.0,0.0,0.0,0.0,0.0,0.0,0.0,0.0,0.0,0.0,0.0,1.0
Jimmy Butler,8.5,0.509,16.7,1.6,0.35,4.6,6.7,20.6,28,0.6,1.0,5.0,0.1,5.4,12.7,110,10.1,0.474,21.3,8.4,0.8540000000000001,9.8,59,59,2164.0,4.9,1.8,4.2,122,23.7,1.8,30.2,SG,2.7,2.7,2.5,8.9,7.3,8.4,0.59,MIN,24.9,3.8,0.0,0.0,0.0,0.0,0.0,0.0,0.0,0.0,0.0,0.0,0.0,0.0,0.0,0.0,0.0,1.0
Kentavious Caldwell-Pope,3.5,0.473,7.5,3.1,0.383,8.1,3.2,9.4,24,0.3,0.5,1.0,0.4,6.4,14.1,108,6.6,0.426,15.5,3.0,0.789,3.8,74,74,2458.0,0.6,1.2,2.6,111,13.2,2.8,19.3,SG,2.1,2.1,1.9,9.9,7.5,8.4,0.561,LAL,16.9,1.9,0.0,0.0,0.0,0.0,0.0,0.0,0.0,0.0,0.0,0.0,0.0,0.0,0.0,0.0,1.0,0.0
Ian Clark,5.2,0.5329999999999999,9.8,2.0,0.318,6.4,3.6,10.4,26,0.3,0.5,-3.9,-2.0,3.8,8.4,112,7.3,0.448,16.2,1.5,0.763,1.9,74,2,1455.0,-2.0,0.3,0.8,102,9.4,3.9,18.1,SG,1.1,1.1,1.9,9.9,4.2,4.7,0.529,NOP,17.2,-0.7,0.0,0.0,0.0,0.0,0.0,0.0,0.0,0.0,0.0,0.0,0.0,0.0,0.0,0.0,1.0,0.0
Jordan Clarkson,8.1,0.5,16.2,2.9,0.35200000000000004,8.1,5.6,19.3,25,0.2,0.3,-1.9,-2.7,4.1,9.1,112,11.0,0.451,24.4,3.9,0.8,4.9,81,2,1888.0,0.8,1.5,3.3,106,16.4,2.7,28.7,SG,1.5,1.5,3.2,10.9,5.5,6.2,0.542,TOT,26.5,0.1,0.0,0.0,0.0,0.0,0.0,0.0,0.0,0.0,0.0,0.0,0.0,0.0,0.0,0.0,0.0,1.0
Pat Connaughton,3.0,0.506,6.0,2.5,0.35200000000000004,7.0,3.0,8.7,25,0.7,1.2,-1.3,-0.4,4.2,9.1,110,5.5,0.423,13.0,1.2,0.841,1.5,82,5,1488.0,-0.9,1.2,2.7,110,9.3,4.0,14.7,SG,0.8,0.8,1.4,9.5,5.4,5.9,0.539,POR,13.4,0.3,0.0,0.0,0.0,0.0,0.0,0.0,0.0,0.0,0.0,0.0,0.0,0.0,0.0,0.0,1.0,0.0
Allen Crabbe,3.0,0.461,6.5,4.4,0.378,11.8,2.6,8.4,25,0.8,1.2,-0.8,-1.2,6.5,14.4,112,7.4,0.407,18.3,2.5,0.852,3.0,75,68,2197.0,0.4,0.6,1.3,108,12.3,3.7,21.9,SG,1.0,1.0,1.7,8.1,7.2,7.8,0.5579999999999999,BRK,19.0,0.7,0.0,0.0,0.0,0.0,0.0,0.0,0.0,0.0,0.0,0.0,0.0,0.0,0.0,0.0,1.0,0.0
Jamal Crawford,6.2,0.477,12.9,3.1,0.331,9.5,5.6,16.9,37,0.3,0.5,-3.9,-4.0,2.4,5.5,116,9.3,0.415,22.4,3.1,0.903,3.4,80,0,1653.0,0.0,0.6,1.4,104,13.0,2.6,24.9,SG,1.2,1.2,2.9,10.7,3.0,3.5,0.519,MIN,23.7,-0.8,0.0,0.0,0.0,0.0,0.0,0.0,0.0,0.0,0.0,0.0,0.0,0.0,0.0,0.0,1.0,0.0
Troy Daniels,1.4,0.419,3.5,5.4,0.4,13.5,1.4,4.5,26,0.1,0.2,-2.9,-3.6,3.4,7.7,117,6.8,0.403,17.0,1.7,0.875,1.9,79,15,1622.0,0.7,0.4,0.8,109,9.8,4.0,20.7,SG,0.8,0.8,1.7,8.5,3.7,4.2,0.583,PHO,17.2,-0.4,0.0,0.0,0.0,0.0,0.0,0.0,0.0,0.0,0.0,0.0,0.0,0.0,0.0,0.0,1.0,0.0
DeMar DeRozan,10.1,0.494,20.5,1.6,0.31,5.2,7.6,25.0,28,0.4,0.6,1.8,-0.9,4.7,10.4,109,11.7,0.456,25.7,8.4,0.825,10.2,80,80,2711.0,2.7,1.1,2.5,114,21.0,2.7,33.5,SG,1.5,1.5,3.2,9.5,5.7,6.5,0.555,TOR,29.6,2.6,0.0,0.0,0.0,0.0,0.0,0.0,0.0,0.0,0.0,0.0,0.0,0.0,0.0,0.0,0.0,1.0
Tyler Dorsey,3.6,0.393,9.2,3.6,0.362,10.0,4.0,12.5,21,0.3,0.4,-4.2,-2.5,5.7,12.9,114,7.2,0.377,19.2,2.3,0.7140000000000001,3.2,56,5,974.0,-1.8,0.9,2.0,100,10.0,3.2,20.3,SG,0.9,0.9,1.9,8.3,6.5,7.4,0.494,ATL,20.0,-0.5,0.0,0.0,0.0,0.0,0.0,0.0,0.0,0.0,0.0,0.0,0.0,0.0,0.0,0.0,1.0,0.0
Damyean Dotson,5.2,0.5379999999999999,9.7,2.3,0.324,7.1,3.2,9.5,23,0.2,0.4,-3.1,-1.7,7.8,17.5,112,7.5,0.447,16.8,1.7,0.696,2.4,44,2,474.0,-1.4,0.9,2.1,106,11.6,3.6,19.0,SG,1.3,1.3,1.8,9.0,8.8,9.8,0.532,NYK,17.3,-0.1,0.0,0.0,0.0,0.0,0.0,0.0,0.0,0.0,0.0,0.0,0.0,0.0,0.0,0.0,1.0,0.0
Wayne Ellington,1.4,0.479,3.0,5.6,0.392,14.2,1.9,5.9,30,0.2,0.3,0.0,-1.8,4.8,10.7,110,7.0,0.407,17.2,1.6,0.8590000000000001,1.9,77,2,2041.0,1.8,0.6,1.3,113,12.5,2.3,21.3,SG,1.3,1.3,1.3,6.6,5.4,6.0,0.588,MIA,17.3,1.0,0.0,0.0,0.0,0.0,0.0,0.0,0.0,0.0,0.0,0.0,0.0,0.0,0.0,0.0,1.0,0.0
Terrance Ferguson,2.0,0.612,3.2,2.6,0.333,7.8,1.2,3.4,19,0.7,1.2,-2.5,-1.3,1.8,4.2,111,4.6,0.414,11.0,0.6,0.9,0.7,61,12,763.0,-1.2,1.2,2.7,115,7.4,5.4,12.3,SG,1.6,1.6,0.7,6.0,3.1,3.4,0.545,OKC,10.4,-0.1,0.0,0.0,0.0,0.0,0.0,0.0,0.0,0.0,0.0,0.0,0.0,0.0,0.0,0.0,1.0,0.0
Yogi Ferrell,3.9,0.477,8.2,2.9,0.373,7.9,4.4,13.5,24,0.2,0.4,-1.0,-0.6,4.9,11.2,112,6.8,0.426,16.1,1.8,0.7959999999999999,2.3,82,21,2282.0,-0.4,0.6,1.2,107,11.4,3.4,18.4,SG,1.4,1.4,1.7,9.1,5.5,6.1,0.54,DAL,17.0,0.6,0.0,0.0,0.0,0.0,0.0,0.0,0.0,0.0,0.0,0.0,0.0,0.0,0.0,0.0,1.0,0.0
Bryn Forbes,4.0,0.446,9.0,3.0,0.39,7.6,2.7,7.8,24,0.1,0.1,-3.1,-1.9,3.3,7.2,110,7.0,0.421,16.6,1.6,0.667,2.4,80,12,1517.0,-1.2,0.4,0.9,106,9.1,3.6,18.5,SG,0.9,0.9,1.2,6.5,3.7,4.0,0.525,SAS,16.7,-0.4,0.0,0.0,0.0,0.0,0.0,0.0,0.0,0.0,0.0,0.0,0.0,0.0,0.0,0.0,1.0,0.0
Langston Galloway,2.9,0.418,7.1,4.3,0.344,12.6,3.4,10.1,26,0.3,0.5,-1.7,-1.6,4.6,10.3,109,7.3,0.371,19.7,1.9,0.805,2.4,58,2,863.0,-0.2,0.8,1.6,106,12.2,2.3,20.8,SG,2.0,2.0,1.0,4.8,5.3,5.9,0.503,DET,19.3,0.1,0.0,0.0,0.0,0.0,0.0,0.0,0.0,0.0,0.0,0.0,0.0,0.0,0.0,0.0,1.0,0.0
Manu Ginobili,5.3,0.506,10.5,2.5,0.333,7.5,6.3,19.1,40,0.6,1.0,-1.0,-0.5,4.8,10.6,107,7.8,0.434,18.0,4.3,0.84,5.1,65,0,1299.0,-0.5,0.7,1.6,103,12.9,4.9,22.4,SG,1.7,1.7,4.1,16.8,5.5,6.1,0.5529999999999999,SAS,21.5,0.3,0.0,0.0,0.0,0.0,0.0,0.0,0.0,0.0,0.0,0.0,0.0,0.0,0.0,0.0,0.0,1.0
Eric Gordon,4.5,0.544,8.3,5.0,0.359,13.9,3.5,11.7,29,0.6,1.1,-1.0,-2.4,3.3,7.5,110,9.5,0.428,22.2,4.5,0.809,5.5,69,30,2154.0,1.4,0.6,1.3,110,15.2,2.6,28.4,SG,1.0,1.0,3.0,10.8,3.9,4.4,0.578,HOU,24.7,0.5,0.0,0.0,0.0,0.0,0.0,0.0,0.0,0.0,0.0,0.0,0.0,0.0,0.0,0.0,1.0,0.0
Treveon Graham,2.6,0.452,5.8,1.9,0.412,4.5,2.7,7.8,24,0.1,0.2,-0.9,-0.3,3.7,8.3,112,4.5,0.434,10.3,1.9,0.695,2.7,63,2,1050.0,-0.6,2.0,4.3,114,9.0,5.1,12.7,SG,1.5,1.5,1.3,9.9,5.6,6.2,0.5529999999999999,CHO,11.3,0.3,0.0,0.0,0.0,0.0,0.0,0.0,0.0,0.0,0.0,0.0,0.0,0.0,0.0,0.0,1.0,0.0
Danny Green,2.8,0.419,6.8,3.3,0.363,9.0,3.1,8.9,30,2.3,3.7,1.2,2.2,5.9,13.0,104,6.1,0.387,15.8,1.4,0.769,1.8,70,60,1791.0,-1.1,1.2,2.5,100,11.4,3.4,16.9,SG,1.8,1.8,2.1,11.2,7.0,7.7,0.509,SAS,16.6,1.4,0.0,0.0,0.0,0.0,0.0,0.0,0.0,0.0,0.0,0.0,0.0,0.0,0.0,0.0,1.0,0.0
Gerald Green,3.1,0.504,6.1,5.8,0.369,15.8,1.3,4.3,32,0.8,1.4,-1.9,-2.4,6.2,14.2,108,8.9,0.407,21.9,2.7,0.85,3.2,41,2,929.0,0.5,0.8,1.8,109,14.1,4.6,26.3,SG,1.3,1.3,1.6,6.6,7.0,8.1,0.5660000000000001,HOU,22.4,0.0,0.0,0.0,0.0,0.0,0.0,0.0,0.0,0.0,0.0,0.0,0.0,0.0,0.0,0.0,1.0,0.0
Tim Hardaway,6.0,0.516,11.7,3.4,0.317,10.8,4.1,12.7,25,0.3,0.5,-0.1,-1.8,5.0,11.3,113,9.5,0.421,22.5,3.8,0.816,4.7,57,54,1885.0,1.7,0.8,1.9,106,14.4,3.2,26.2,SG,1.6,1.6,2.4,9.0,5.9,6.6,0.5329999999999999,NYK,23.8,0.9,0.0,0.0,0.0,0.0,0.0,0.0,0.0,0.0,0.0,0.0,0.0,0.0,0.0,0.0,0.0,1.0
James Harden,7.4,0.531,14.0,5.1,0.3670000000000001,13.9,12.2,45.1,28,1.0,1.7,10.9,1.3,6.7,15.2,105,12.6,0.449,27.9,12.0,0.858,14.0,72,72,2551.0,9.6,0.8,1.8,120,29.8,3.3,42.3,SG,2.4,2.4,6.1,15.1,7.5,8.6,0.619,HOU,36.1,8.3,0.0,0.0,0.0,0.0,0.0,0.0,0.0,0.0,0.0,0.0,0.0,0.0,0.0,0.0,0.0,1.0
Gary Harris,6.1,0.5529999999999999,11.1,3.4,0.396,8.5,4.2,13.0,23,0.3,0.5,0.9,-1.5,3.0,6.8,112,9.5,0.485,19.5,2.9,0.8270000000000001,3.5,67,65,2304.0,2.4,0.8,1.8,115,16.5,2.6,25.2,SG,2.6,2.6,2.6,10.8,3.8,4.3,0.597,DEN,20.7,1.7,0.0,0.0,0.0,0.0,0.0,0.0,0.0,0.0,0.0,0.0,0.0,0.0,0.0,0.0,0.0,1.0
Joe Harris,3.8,0.589,6.5,3.7,0.419,8.8,3.1,10.2,26,0.5,0.8,0.1,-1.2,5.1,11.3,113,7.5,0.491,15.3,2.1,0.8270000000000001,2.6,78,14,1975.0,1.3,1.3,2.7,116,13.3,3.8,20.8,SG,0.9,0.9,2.2,12.0,6.4,7.0,0.634,BRK,16.6,1.1,0.0,0.0,0.0,0.0,0.0,0.0,0.0,0.0,0.0,0.0,0.0,0.0,0.0,0.0,1.0,0.0
Josh Hart,3.2,0.551,5.8,2.6,0.396,6.5,2.6,7.6,22,0.5,0.9,-0.1,0.2,7.2,16.0,109,5.8,0.469,12.3,2.2,0.7020000000000001,3.1,63,23,1461.0,-0.3,1.4,3.1,116,12.2,3.5,16.2,SG,1.5,1.5,1.5,10.1,8.6,9.6,0.596,LAL,13.5,0.7,0.0,0.0,0.0,0.0,0.0,0.0,0.0,0.0,0.0,0.0,0.0,0.0,0.0,0.0,1.0,0.0
Buddy Hield,6.0,0.457,13.1,4.4,0.431,10.2,3.9,12.8,24,0.5,1.0,-0.2,-1.4,6.3,14.8,111,10.4,0.446,23.3,1.8,0.877,2.0,80,12,2024.0,1.2,1.4,3.0,104,16.1,3.7,27.0,SG,2.1,2.1,3.1,11.3,7.7,8.6,0.557,SAC,24.3,0.9,0.0,0.0,0.0,0.0,0.0,0.0,0.0,0.0,0.0,0.0,0.0,0.0,0.0,0.0,0.0,1.0
Jrue Holiday,8.1,0.557,14.5,2.0,0.337,5.8,7.9,24.9,27,1.0,1.7,2.1,0.3,4.9,10.8,109,10.0,0.494,20.3,3.1,0.7859999999999999,3.9,81,81,2927.0,1.8,1.0,2.4,110,17.8,3.3,25.1,SG,2.0,2.0,3.5,13.6,6.0,6.8,0.57,NOP,23.1,3.0,0.0,0.0,0.0,0.0,0.0,0.0,0.0,0.0,0.0,0.0,0.0,0.0,0.0,0.0,0.0,1.0
Justin Holiday,2.8,0.387,7.2,3.5,0.359,9.7,3.3,10.1,28,0.7,1.2,-1.3,-0.3,5.6,12.8,111,6.2,0.371,16.9,2.9,0.823,3.5,72,72,2265.0,-1.0,0.7,1.4,100,10.8,2.9,18.9,SG,1.7,1.7,2.0,9.8,6.3,6.9,0.513,CHI,18.2,0.4,0.0,0.0,0.0,0.0,0.0,0.0,0.0,0.0,0.0,0.0,0.0,0.0,0.0,0.0,1.0,0.0
Rodney Hood,6.0,0.467,12.9,3.9,0.381,10.3,2.9,9.7,25,0.4,0.6,-2.0,-2.2,4.4,9.9,110,9.9,0.429,23.1,3.4,0.86,4.0,60,23,1616.0,0.2,0.7,1.6,106,14.3,3.2,27.2,SG,1.4,1.4,2.2,8.0,5.1,5.8,0.546,TOT,24.3,0.0,0.0,0.0,0.0,0.0,0.0,0.0,0.0,0.0,0.0,0.0,0.0,0.0,0.0,0.0,1.0,0.0
Luke Kennard,4.3,0.463,9.2,2.8,0.415,6.6,4.2,12.7,21,0.4,0.8,-1.5,-0.4,5.3,11.9,109,7.0,0.443,15.9,2.2,0.855,2.6,73,9,1463.0,-1.1,0.7,1.6,108,12.1,2.9,19.0,SG,1.5,1.5,2.4,12.2,6.0,6.6,0.56,DET,17.2,0.2,0.0,0.0,0.0,0.0,0.0,0.0,0.0,0.0,0.0,0.0,0.0,0.0,0.0,0.0,1.0,0.0
Sean Kilpatrick,4.9,0.4270000000000001,11.5,3.5,0.319,11.0,3.5,11.3,28,0.4,0.7,-6.1,-3.6,6.3,14.2,113,8.4,0.374,22.5,4.9,0.889,5.5,52,1,640.0,-2.5,0.4,0.8,97,11.6,2.5,25.3,SG,1.0,1.0,2.9,10.4,6.7,7.5,0.507,TOT,24.9,-0.7,0.0,0.0,0.0,0.0,0.0,0.0,0.0,0.0,0.0,0.0,0.0,0.0,0.0,0.0,1.0,0.0
Kyle Korver,1.8,0.537,3.4,5.1,0.436,11.7,2.7,8.0,36,0.8,1.5,0.1,-2.0,4.9,10.9,114,6.9,0.459,15.1,2.0,0.889,2.2,73,4,1574.0,2.2,0.3,0.7,120,13.4,4.0,20.9,SG,1.0,1.0,1.7,9.6,5.1,5.9,0.652,CLE,16.0,0.9,0.0,0.0,0.0,0.0,0.0,0.0,0.0,0.0,0.0,0.0,0.0,0.0,0.0,0.0,1.0,0.0
Jeremy Lamb,7.1,0.495,14.3,2.3,0.37,6.3,4.6,15.4,25,0.8,1.4,0.9,-0.2,6.8,15.4,109,9.4,0.457,20.6,4.4,0.861,5.2,80,18,1967.0,1.2,1.2,2.7,112,17.0,3.4,25.6,SG,1.5,1.5,2.3,9.1,8.0,8.9,0.5589999999999999,CHO,22.4,1.5,0.0,0.0,0.0,0.0,0.0,0.0,0.0,0.0,0.0,0.0,0.0,0.0,0.0,0.0,0.0,1.0
Courtney Lee,4.9,0.482,10.2,2.4,0.406,6.0,3.9,11.3,32,0.4,0.6,0.0,-0.7,4.2,9.3,113,7.4,0.454,16.2,2.4,0.919,2.7,76,69,2310.0,0.8,0.6,1.4,112,13.0,2.3,19.6,SG,1.7,1.7,1.8,9.4,4.8,5.4,0.564,NYK,16.9,1.2,0.0,0.0,0.0,0.0,0.0,0.0,0.0,0.0,0.0,0.0,0.0,0.0,0.0,0.0,1.0,0.0
DeAndre Liggins,1.4,0.396,3.6,1.3,0.358,3.6,3.3,8.4,29,1.0,1.6,-2.2,1.2,4.6,10.6,109,2.7,0.377,7.2,0.1,0.4,0.3,58,4,724.0,-3.4,0.5,1.1,95,6.0,5.5,6.9,SG,2.5,2.5,1.4,15.6,5.1,5.9,0.467,TOT,7.9,0.0,0.0,0.0,0.0,0.0,0.0,0.0,0.0,0.0,0.0,0.0,0.0,0.0,0.0,0.0,1.0,0.0
Patrick McCaw,3.7,0.503,7.3,1.0,0.238,4.0,4.1,10.6,22,0.5,0.8,-3.4,-0.5,3.3,7.2,110,4.6,0.409,11.3,1.3,0.765,1.7,57,10,961.0,-2.9,0.8,2.0,96,7.4,3.4,11.5,SG,2.2,2.2,2.1,14.6,4.1,4.8,0.477,GSW,12.8,-0.3,0.0,0.0,0.0,0.0,0.0,0.0,0.0,0.0,0.0,0.0,0.0,0.0,0.0,0.0,1.0,0.0
CJ McCollum,8.1,0.465,17.5,3.2,0.397,8.1,4.6,15.8,26,0.6,1.0,0.4,-1.0,4.6,9.9,109,11.4,0.443,25.6,3.6,0.836,4.3,81,81,2923.0,1.4,0.9,2.0,108,17.0,2.9,29.5,SG,1.3,1.3,2.6,8.6,5.5,6.0,0.536,POR,26.5,1.8,0.0,0.0,0.0,0.0,0.0,0.0,0.0,0.0,0.0,0.0,0.0,0.0,0.0,0.0,0.0,1.0
Ben McLemore,4.7,0.477,9.9,2.5,0.34600000000000003,7.4,2.4,7.5,24,0.7,1.3,-3.6,-1.4,4.9,11.4,112,7.3,0.421,17.3,2.5,0.828,3.0,56,17,1091.0,-2.1,1.6,3.5,99,9.7,6.4,19.6,SG,1.8,1.8,2.8,13.2,6.4,7.4,0.526,MEM,19.0,-0.4,0.0,0.0,0.0,0.0,0.0,0.0,0.0,0.0,0.0,0.0,0.0,0.0,0.0,0.0,1.0,0.0
Jodie Meeks,3.8,0.464,8.1,3.2,0.343,9.3,3.1,9.1,30,0.2,0.3,-2.8,-2.5,4.9,11.2,112,7.0,0.399,17.4,4.5,0.863,5.2,77,0,1119.0,-0.4,0.7,1.5,111,12.4,2.4,21.6,SG,1.3,1.3,1.6,7.7,5.6,6.4,0.5479999999999999,WAS,19.0,-0.2,0.0,0.0,0.0,0.0,0.0,0.0,0.0,0.0,0.0,0.0,0.0,0.0,0.0,0.0,1.0,0.0
Donovan Mitchell,7.8,0.502,15.4,3.6,0.34,10.5,5.5,19.4,21,0.5,0.9,1.1,-0.2,4.6,10.4,105,11.3,0.4370000000000001,25.9,4.5,0.805,5.6,79,71,2638.0,1.3,1.0,2.3,103,16.7,4.0,30.7,SG,2.2,2.2,4.1,12.6,5.6,6.4,0.541,UTA,29.1,2.1,0.0,0.0,0.0,0.0,0.0,0.0,0.0,0.0,0.0,0.0,0.0,0.0,0.0,0.0,0.0,1.0
Malik Monk,4.0,0.385,10.4,4.7,0.342,13.9,5.2,16.9,19,0.5,0.9,-4.4,-3.4,3.3,7.5,112,8.7,0.36,24.3,1.8,0.8420000000000001,2.2,63,0,854.0,-1.0,0.5,1.0,96,10.3,3.4,24.0,SG,1.1,1.1,2.8,9.8,3.8,4.2,0.477,CHO,24.9,-0.5,0.0,0.0,0.0,0.0,0.0,0.0,0.0,0.0,0.0,0.0,0.0,0.0,0.0,0.0,1.0,0.0
E'Twaun Moore,5.4,0.556,9.8,2.4,0.425,5.6,3.5,10.1,28,0.2,0.4,-0.2,-0.8,3.3,7.3,112,7.8,0.508,15.4,0.9,0.706,1.3,82,80,2586.0,0.6,1.1,2.5,111,12.1,3.4,18.9,SG,1.5,1.5,1.9,10.6,4.4,5.0,0.593,NOP,16.1,1.2,0.0,0.0,0.0,0.0,0.0,0.0,0.0,0.0,0.0,0.0,0.0,0.0,0.0,0.0,1.0,0.0
David Nwaba,5.5,0.496,11.0,0.5,0.34600000000000003,1.5,3.1,9.4,25,0.9,1.6,-1.6,0.9,7.0,16.0,110,6.0,0.478,12.5,3.9,0.655,6.0,70,21,1646.0,-2.5,2.6,5.6,107,12.2,4.7,16.5,SG,1.7,1.7,2.3,13.1,9.7,10.6,0.542,CHI,15.6,0.1,0.0,0.0,0.0,0.0,0.0,0.0,0.0,0.0,0.0,0.0,0.0,0.0,0.0,0.0,0.0,1.0
Victor Oladipo,9.4,0.528,17.8,3.2,0.371,8.5,6.3,21.2,25,1.1,2.0,4.9,1.3,6.7,15.1,104,12.5,0.477,26.3,5.8,0.799,7.2,75,75,2552.0,3.6,0.9,2.1,110,23.1,3.4,34.0,SG,3.5,3.5,4.3,12.7,7.6,8.6,0.5770000000000001,IND,30.1,4.5,0.0,0.0,0.0,0.0,0.0,0.0,0.0,0.0,0.0,0.0,0.0,0.0,0.0,0.0,0.0,1.0
Brandon Paul,3.5,0.5479999999999999,6.4,1.3,0.278,4.7,3.2,9.0,26,0.6,1.0,-2.8,0.9,5.4,12.0,105,4.8,0.433,11.1,1.9,0.512,3.8,64,2,576.0,-3.6,0.5,1.1,94,7.5,5.1,12.9,SG,2.2,2.2,2.5,16.6,6.0,6.5,0.504,SAS,13.6,-0.1,0.0,0.0,0.0,0.0,0.0,0.0,0.0,0.0,0.0,0.0,0.0,0.0,0.0,0.0,1.0,0.0
Norman Powell,4.5,0.516,8.7,2.5,0.285,8.6,4.1,11.8,24,0.7,1.2,-2.8,-0.4,4.9,10.9,107,7.0,0.401,17.4,1.5,0.821,1.8,70,18,1062.0,-2.5,0.6,1.5,94,8.5,5.2,17.9,SG,1.7,1.7,3.1,14.4,5.5,6.3,0.4920000000000001,TOR,18.9,-0.2,0.0,0.0,0.0,0.0,0.0,0.0,0.0,0.0,0.0,0.0,0.0,0.0,0.0,0.0,1.0,0.0
J.J. Redick,4.8,0.504,9.5,4.4,0.42,10.5,4.8,15.1,33,0.1,0.2,0.0,-2.6,3.8,8.3,110,9.2,0.46,20.0,4.5,0.904,5.0,70,70,2116.0,2.6,0.2,0.5,119,15.9,2.8,27.2,SG,0.8,0.8,2.3,9.6,4.0,4.5,0.614,PHI,21.7,1.1,0.0,0.0,0.0,0.0,0.0,0.0,0.0,0.0,0.0,0.0,0.0,0.0,0.0,0.0,1.0,0.0
Austin Rivers,4.8,0.461,10.5,3.2,0.378,8.5,5.7,17.5,25,0.4,0.6,-0.9,-1.7,2.8,6.2,113,8.1,0.424,19.0,2.4,0.642,3.8,61,59,2057.0,0.8,0.6,1.5,105,12.6,3.6,21.7,SG,1.7,1.7,2.6,11.1,3.4,3.9,0.526,LAC,20.6,0.6,0.0,0.0,0.0,0.0,0.0,0.0,0.0,0.0,0.0,0.0,0.0,0.0,0.0,0.0,1.0,0.0
Tomas Satoransky,4.7,0.544,8.6,1.4,0.465,3.1,8.6,24.8,26,0.5,0.8,1.1,-0.2,4.9,11.1,111,6.1,0.523,11.6,2.3,0.7809999999999999,2.9,73,30,1643.0,1.3,2.2,5.0,124,15.4,4.0,15.8,SG,1.6,1.6,2.5,16.3,7.0,8.0,0.615,WAS,13.7,1.3,0.0,0.0,0.0,0.0,0.0,0.0,0.0,0.0,0.0,0.0,0.0,0.0,0.0,0.0,0.0,1.0
Jonathon Simmons,6.9,0.512,13.4,1.7,0.338,4.9,4.1,13.3,28,0.4,0.6,-2.3,-1.3,4.3,9.7,113,8.5,0.465,18.4,4.5,0.768,5.8,69,50,2029.0,-1.0,1.5,3.3,103,12.7,4.2,23.2,SG,1.4,1.4,3.5,14.4,5.8,6.5,0.555,ORL,22.0,-0.2,0.0,0.0,0.0,0.0,0.0,0.0,0.0,0.0,0.0,0.0,0.0,0.0,0.0,0.0,0.0,1.0
Marcus Smart,3.5,0.429,8.2,2.3,0.301,7.7,8.0,23.7,23,0.7,1.2,-0.5,1.1,4.5,9.8,104,5.9,0.3670000000000001,15.9,3.0,0.7290000000000001,4.1,54,11,1614.0,-1.6,1.3,3.0,97,10.8,4.1,17.0,SG,2.2,2.2,4.0,18.4,5.9,6.4,0.479,BOS,19.4,0.6,0.0,0.0,0.0,0.0,0.0,0.0,0.0,0.0,0.0,0.0,0.0,0.0,0.0,0.0,1.0,0.0
J.R. Smith,2.1,0.453,4.7,3.1,0.375,8.3,3.1,8.6,32,0.2,0.4,-1.7,-1.0,4.5,10.1,114,5.2,0.403,13.0,0.9,0.696,1.2,80,61,2244.0,-0.6,0.6,1.5,103,8.5,3.5,14.5,SG,1.5,1.5,1.8,11.6,5.1,5.9,0.534,CLE,13.8,0.2,0.0,0.0,0.0,0.0,0.0,0.0,0.0,0.0,0.0,0.0,0.0,0.0,0.0,0.0,1.0,0.0
Tony Snell,1.9,0.49,3.8,2.6,0.403,6.5,2.4,6.5,26,0.7,1.2,-1.8,-1.3,3.2,7.5,114,4.5,0.435,10.3,0.9,0.792,1.2,75,59,2053.0,-0.5,0.2,0.5,113,8.5,2.8,12.5,SG,1.1,1.1,0.9,7.5,3.4,4.0,0.578,MIL,10.6,0.1,0.0,0.0,0.0,0.0,0.0,0.0,0.0,0.0,0.0,0.0,0.0,0.0,0.0,0.0,1.0,0.0
Nik Stauskas,1.9,0.37,5.0,3.7,0.4,9.3,3.6,11.1,24,0.4,0.6,-4.0,-1.8,5.6,12.3,113,5.6,0.39,14.3,1.9,0.7240000000000001,2.7,41,0,523.0,-2.1,0.4,0.8,101,9.0,2.2,16.8,SG,0.8,0.8,2.4,13.5,5.9,6.5,0.5429999999999999,TOT,15.9,-0.3,0.0,0.0,0.0,0.0,0.0,0.0,0.0,0.0,0.0,0.0,0.0,0.0,0.0,0.0,1.0,0.0
Lance Stephenson,6.4,0.495,12.9,1.8,0.289,6.3,6.3,18.6,27,0.5,0.8,-2.1,-0.1,9.8,22.0,108,8.2,0.4270000000000001,19.2,2.3,0.6609999999999999,3.4,82,7,1850.0,-2.0,1.7,3.8,99,12.4,4.8,20.4,SG,1.2,1.2,3.5,14.7,11.5,12.9,0.495,IND,21.6,0.0,0.0,0.0,0.0,0.0,0.0,0.0,0.0,0.0,0.0,0.0,0.0,0.0,0.0,0.0,0.0,1.0
Garrett Temple,3.4,0.442,7.8,2.8,0.392,7.1,3.9,11.3,31,0.8,1.6,-1.9,-0.6,4.1,9.6,112,6.2,0.418,14.9,1.9,0.769,2.4,65,35,1615.0,-1.3,0.7,1.5,102,10.2,4.2,17.1,SG,1.8,1.8,2.5,13.4,4.8,5.4,0.536,SAC,16.4,0.1,0.0,0.0,0.0,0.0,0.0,0.0,0.0,0.0,0.0,0.0,0.0,0.0,0.0,0.0,1.0,0.0
Jason Terry,1.2,0.487,2.4,2.5,0.348,7.0,3.6,9.7,40,0.8,1.4,-2.1,-0.5,2.6,6.2,111,3.6,0.383,9.4,0.5,0.889,0.6,51,4,814.0,-1.6,0.3,0.7,103,8.1,3.2,10.2,SG,2.6,2.6,1.5,13.7,2.9,3.5,0.525,MIL,10.1,0.0,0.0,0.0,0.0,0.0,0.0,0.0,0.0,0.0,0.0,0.0,0.0,0.0,0.0,0.0,1.0,0.0
Klay Thompson,6.7,0.526,12.7,4.4,0.44,10.0,3.6,11.2,27,0.7,1.1,-0.6,-2.4,4.7,10.3,111,11.1,0.488,22.7,1.6,0.8370000000000001,1.9,73,73,2506.0,1.8,0.6,1.5,110,16.1,2.3,28.1,SG,1.1,1.1,2.5,9.5,5.3,6.2,0.598,GSW,23.7,0.9,0.0,0.0,0.0,0.0,0.0,0.0,0.0,0.0,0.0,0.0,0.0,0.0,0.0,0.0,0.0,1.0
Sindarius Thornwell,3.2,0.448,7.2,1.0,0.377,2.6,2.9,7.8,23,1.1,1.8,-1.6,1.0,4.5,10.0,111,4.2,0.429,9.8,2.5,0.67,3.7,73,17,1156.0,-2.6,1.4,3.2,101,8.2,5.3,11.9,SG,2.0,2.0,2.2,16.3,5.9,6.7,0.519,LAC,12.1,0.1,0.0,0.0,0.0,0.0,0.0,0.0,0.0,0.0,0.0,0.0,0.0,0.0,0.0,0.0,1.0,0.0
Denzel Valentine,3.7,0.45,8.2,3.3,0.386,8.6,5.7,17.8,24,0.3,0.5,-0.5,-0.1,8.0,18.3,111,7.0,0.417,16.8,0.9,0.745,1.2,77,37,2095.0,-0.4,1.1,2.4,104,12.1,4.3,18.2,SG,1.5,1.5,2.3,11.8,9.2,10.1,0.527,CHI,17.5,0.8,0.0,0.0,0.0,0.0,0.0,0.0,0.0,0.0,0.0,0.0,0.0,0.0,0.0,0.0,1.0,0.0
Dwyane Wade,8.6,0.468,18.3,1.0,0.28800000000000003,3.6,7.3,23.5,36,1.5,2.6,-2.1,0.3,6.5,14.6,109,9.6,0.438,21.9,4.3,0.7140000000000001,6.1,67,3,1536.0,-2.4,1.6,3.7,98,15.0,4.0,24.6,SG,2.0,2.0,4.5,15.5,8.1,9.2,0.5,TOT,26.2,0.0,0.0,0.0,0.0,0.0,0.0,0.0,0.0,0.0,0.0,0.0,0.0,0.0,0.0,0.0,0.0,1.0
Lou Williams,7.4,0.484,15.4,3.5,0.359,9.7,7.8,26.3,31,0.4,0.6,1.0,-2.9,3.0,6.6,113,10.9,0.435,25.1,8.1,0.88,9.2,79,19,2589.0,3.8,0.8,1.7,112,20.2,2.0,33.5,SG,1.6,1.6,4.4,13.1,3.7,4.2,0.574,LAC,29.8,2.0,0.0,0.0,0.0,0.0,0.0,0.0,0.0,0.0,0.0,0.0,0.0,0.0,0.0,0.0,0.0,1.0
Nick Young,2.7,0.481,5.6,4.3,0.377,11.3,1.2,3.5,32,0.2,0.4,-3.7,-3.4,3.6,7.9,112,7.0,0.412,16.9,1.9,0.862,2.2,80,8,1393.0,-0.2,0.7,1.7,106,10.0,3.5,20.1,SG,1.3,1.3,1.3,7.2,4.3,5.0,0.562,GSW,17.6,-0.6,0.0,0.0,0.0,0.0,0.0,0.0,0.0,0.0,0.0,0.0,0.0,0.0,0.0,0.0,1.0,0.0
Kyle Anderson,5.4,0.556,9.7,0.5,0.333,1.5,5.2,14.7,24,1.5,2.5,4.1,4.3,8.0,17.6,101,5.9,0.527,11.2,2.7,0.7120000000000001,3.7,74,67,1978.0,-0.3,2.1,4.7,114,15.9,2.9,14.9,SF,2.9,2.9,2.4,15.8,10.1,11.1,0.5820000000000001,SAS,13.5,3.0,0.0,0.0,0.0,0.0,0.0,0.0,0.0,0.0,0.0,0.0,0.0,0.0,0.0,1.0,0.0,0.0
OG Anunoby,3.0,0.604,5.0,2.4,0.371,6.6,1.8,5.0,20,0.5,0.8,0.6,0.4,4.7,10.4,108,5.4,0.471,11.5,1.3,0.629,2.1,74,62,1481.0,0.2,1.5,3.4,113,10.0,4.3,14.6,SF,1.7,1.7,1.5,10.8,6.1,7.0,0.5870000000000001,TOR,12.4,1.0,0.0,0.0,0.0,0.0,0.0,0.0,0.0,0.0,0.0,0.0,0.0,1.0,0.0,0.0,0.0,0.0
Trevor Ariza,2.1,0.519,4.1,3.7,0.368,10.0,2.3,6.8,32,0.3,0.5,1.5,0.7,5.7,12.9,107,5.8,0.412,14.1,1.6,0.8540000000000001,1.9,67,67,2269.0,0.8,0.7,1.7,114,11.8,2.9,17.0,SF,2.1,2.1,1.1,7.0,6.4,7.3,0.5670000000000001,HOU,14.4,2.0,0.0,0.0,0.0,0.0,0.0,0.0,0.0,0.0,0.0,0.0,0.0,1.0,0.0,0.0,0.0,0.0
Luke Babbitt,2.1,0.525,4.1,4.1,0.385,10.7,2.1,6.5,28,0.5,0.8,-3.2,-2.2,6.1,13.9,113,6.3,0.423,14.8,1.2,0.773,1.5,50,14,715.0,-1.0,0.5,1.1,109,9.8,3.7,17.8,SF,0.5,0.5,1.3,7.8,6.6,7.5,0.5760000000000001,TOT,15.0,-0.2,0.0,0.0,0.0,0.0,0.0,0.0,0.0,0.0,0.0,0.0,0.0,1.0,0.0,0.0,0.0,0.0
Bojan Bogdanovic,5.1,0.534,9.5,3.1,0.402,7.8,2.4,7.1,28,0.2,0.3,-0.7,-1.9,4.9,10.9,112,8.2,0.474,17.3,3.6,0.868,4.2,80,80,2464.0,1.1,0.6,1.4,114,13.9,2.6,23.1,SF,1.1,1.1,2.1,10.1,5.5,6.2,0.605,IND,19.0,0.8,0.0,0.0,0.0,0.0,0.0,0.0,0.0,0.0,0.0,0.0,0.0,1.0,0.0,0.0,0.0,0.0
Corey Brewer,4.5,0.539,8.3,1.2,0.282,4.4,2.6,7.5,31,0.6,1.0,-0.6,1.0,4.5,10.0,106,5.7,0.449,12.7,2.6,0.722,3.6,72,18,1208.0,-1.6,1.7,3.8,107,11.2,5.6,15.3,SF,3.2,3.2,2.0,12.1,6.2,6.9,0.534,TOT,14.3,0.4,0.0,0.0,0.0,0.0,0.0,0.0,0.0,0.0,0.0,0.0,0.0,0.0,0.0,1.0,0.0,0.0
Dillon Brooks,5.3,0.484,10.9,2.0,0.35600000000000004,5.7,2.9,9.3,22,0.4,0.7,-3.1,-1.3,4.5,10.5,113,7.3,0.44,16.6,2.7,0.747,3.6,82,74,2350.0,-1.8,1.1,2.4,100,9.8,5.0,19.3,SF,1.6,1.6,2.7,12.8,5.5,6.3,0.531,MEM,18.5,-0.7,0.0,0.0,0.0,0.0,0.0,0.0,0.0,0.0,0.0,0.0,0.0,1.0,0.0,0.0,0.0,0.0
Reggie Bullock,4.1,0.536,7.6,3.6,0.445,8.1,2.7,8.4,26,0.4,0.7,0.7,-0.7,3.7,8.3,110,7.7,0.489,15.7,1.1,0.7959999999999999,1.4,62,52,1732.0,1.3,0.8,1.7,118,13.6,2.0,20.1,SF,1.4,1.4,1.4,7.6,4.4,4.9,0.615,DET,15.7,1.2,0.0,0.0,0.0,0.0,0.0,0.0,0.0,0.0,0.0,0.0,0.0,1.0,0.0,0.0,0.0,0.0
DeMarre Carroll,4.0,0.457,8.8,3.2,0.371,8.7,3.3,10.5,31,0.7,1.0,0.2,-0.3,8.3,18.4,110,7.2,0.414,17.5,4.2,0.764,5.5,73,73,2180.0,0.4,2.3,5.1,109,14.3,3.7,21.9,SF,1.3,1.3,2.3,10.3,10.7,11.7,0.55,BRK,19.8,1.2,0.0,0.0,0.0,0.0,0.0,0.0,0.0,0.0,0.0,0.0,0.0,0.0,1.0,0.0,0.0,0.0
Vince Carter,2.8,0.483,5.8,2.8,0.345,8.1,3.4,9.7,41,1.3,2.4,-1.1,0.4,6.4,15.1,110,5.6,0.403,14.0,1.4,0.757,1.8,58,5,1026.0,-1.5,0.9,1.9,103,10.8,4.7,15.4,SF,2.1,2.1,1.8,10.7,7.3,8.2,0.523,SAC,14.7,0.2,0.0,0.0,0.0,0.0,0.0,0.0,0.0,0.0,0.0,0.0,0.0,1.0,0.0,0.0,0.0,0.0
Omri Casspi,7.2,0.595,12.0,0.7,0.455,1.4,3.3,9.5,29,1.2,2.0,-1.4,0.0,11.1,24.0,107,7.8,0.58,13.5,3.3,0.725,4.5,53,7,740.0,-1.5,2.0,4.9,117,15.5,4.6,19.5,SF,1.2,1.2,2.4,13.5,13.0,15.1,0.632,GSW,16.3,0.1,0.0,0.0,0.0,0.0,0.0,0.0,0.0,0.0,0.0,0.0,0.0,0.0,0.0,1.0,0.0,0.0
Wilson Chandler,4.1,0.501,8.1,1.9,0.358,5.2,3.4,9.5,30,0.8,1.4,-0.9,-0.4,6.3,14.1,113,5.9,0.445,13.3,1.9,0.772,2.4,74,71,2346.0,-0.5,2.2,4.9,110,11.0,3.3,15.6,SF,0.9,0.9,1.9,11.9,8.4,9.6,0.542,DEN,14.3,0.6,0.0,0.0,0.0,0.0,0.0,0.0,0.0,0.0,0.0,0.0,0.0,1.0,0.0,0.0,0.0,0.0
Robert Covington,2.7,0.4970000000000001,5.4,3.9,0.369,10.4,3.0,8.7,27,1.4,2.4,2.5,2.1,7.2,15.5,103,6.6,0.413,15.9,2.2,0.853,2.6,80,80,2532.0,0.4,1.0,2.4,107,12.9,4.5,19.2,SF,2.6,2.6,2.4,12.3,8.2,9.2,0.563,PHI,17.2,2.9,0.0,0.0,0.0,0.0,0.0,0.0,0.0,0.0,0.0,0.0,0.0,0.0,0.0,1.0,0.0,0.0
Jae Crowder,3.8,0.488,7.8,2.6,0.32299999999999995,8.1,2.3,6.9,27,0.5,0.9,-1.7,-0.9,5.1,11.5,111,6.4,0.404,15.9,2.9,0.818,3.5,80,47,2090.0,-0.8,1.4,3.2,105,10.4,4.4,18.3,SF,1.5,1.5,1.7,9.1,6.5,7.4,0.525,TOT,17.3,0.1,0.0,0.0,0.0,0.0,0.0,0.0,0.0,0.0,0.0,0.0,0.0,1.0,0.0,0.0,0.0,0.0
Dante Cunningham,3.3,0.541,6.0,1.8,0.345,5.2,1.5,4.3,30,0.9,1.5,-1.4,0.1,6.8,14.9,110,5.0,0.451,11.2,1.0,0.596,1.6,73,25,1562.0,-1.4,2.4,5.5,110,10.0,3.4,12.8,SF,1.2,1.2,1.0,7.9,9.2,10.3,0.539,TOT,11.6,0.2,0.0,0.0,0.0,0.0,0.0,0.0,0.0,0.0,0.0,0.0,0.0,1.0,0.0,0.0,0.0,0.0
James Ennis,4.1,0.5670000000000001,7.2,1.6,0.333,4.8,2.2,6.6,27,0.6,1.0,-1.1,-0.5,4.7,11.0,112,5.7,0.474,12.0,3.0,0.836,3.6,72,22,1604.0,-0.6,2.3,5.1,115,11.6,4.2,16.1,SF,1.5,1.5,1.8,11.4,7.0,8.0,0.588,TOT,13.7,0.4,0.0,0.0,0.0,0.0,0.0,0.0,0.0,0.0,0.0,0.0,0.0,1.0,0.0,0.0,0.0,0.0
Evan Fournier,6.4,0.516,12.4,3.4,0.379,8.9,4.4,14.8,25,0.4,0.7,-0.4,-2.1,4.2,9.5,113,9.8,0.459,21.4,4.0,0.867,4.6,57,57,1837.0,1.6,0.6,1.4,110,15.5,3.7,27.0,SF,1.3,1.3,2.5,9.8,4.8,5.4,0.5770000000000001,ORL,23.3,0.7,0.0,0.0,0.0,0.0,0.0,0.0,0.0,0.0,0.0,0.0,0.0,0.0,1.0,0.0,0.0,0.0
Paul George,5.7,0.454,12.5,4.2,0.401,10.5,4.5,14.5,27,0.7,1.2,2.6,0.0,6.4,14.9,106,9.9,0.43,23.0,5.8,0.8220000000000001,7.1,79,79,2891.0,2.5,1.2,2.7,112,18.7,4.0,29.8,SF,2.8,2.8,3.6,12.2,7.7,8.6,0.57,OKC,25.7,3.3,0.0,0.0,0.0,0.0,0.0,0.0,0.0,0.0,0.0,0.0,0.0,0.0,1.0,0.0,0.0,0.0
Maurice Harkless,3.9,0.547,7.0,1.9,0.415,4.6,2.1,6.0,24,1.7,2.8,1.8,2.0,4.6,9.9,106,5.8,0.495,11.7,1.7,0.7120000000000001,2.3,59,36,1264.0,-0.2,1.8,4.0,117,12.6,4.1,15.2,SF,1.9,1.9,1.6,11.0,6.4,7.0,0.596,POR,12.6,1.2,0.0,0.0,0.0,0.0,0.0,0.0,0.0,0.0,0.0,0.0,0.0,0.0,0.0,1.0,0.0,0.0
Mario Hezonja,5.4,0.523,10.3,2.7,0.337,7.9,3.1,10.0,22,0.9,1.5,-0.8,0.2,7.1,16.1,108,8.1,0.442,18.2,2.5,0.8190000000000001,3.1,75,30,1657.0,-1.0,1.2,2.7,103,13.7,4.0,21.3,SF,2.4,2.4,2.5,11.5,8.3,9.3,0.544,ORL,19.9,0.5,0.0,0.0,0.0,0.0,0.0,0.0,0.0,0.0,0.0,0.0,0.0,0.0,0.0,1.0,0.0,0.0
Rondae Hollis-Jefferson,8.3,0.491,16.9,0.3,0.241,1.4,4.2,14.2,23,1.2,1.9,-0.4,1.1,9.1,20.0,109,8.6,0.472,18.3,6.3,0.7879999999999999,8.0,68,59,1920.0,-1.5,2.6,5.5,108,16.9,3.7,23.9,SF,1.6,1.6,3.1,12.3,11.6,12.7,0.5479999999999999,BRK,22.2,0.8,0.0,0.0,0.0,0.0,0.0,0.0,0.0,0.0,0.0,0.0,0.0,0.0,1.0,0.0,0.0,0.0
Andre Iguodala,3.4,0.5670000000000001,6.0,1.0,0.282,3.5,6.2,16.2,34,1.1,1.9,0.2,0.9,5.8,12.6,109,4.4,0.463,9.5,1.6,0.632,2.6,64,7,1622.0,-0.7,1.5,3.7,113,11.2,2.9,11.4,SF,1.6,1.6,2.0,15.8,7.3,8.5,0.536,GSW,11.5,0.9,0.0,0.0,0.0,0.0,0.0,0.0,0.0,0.0,0.0,0.0,0.0,0.0,0.0,1.0,0.0,0.0
Joe Ingles,2.5,0.516,4.9,4.0,0.44,9.0,7.6,22.9,30,0.4,0.7,3.1,1.0,6.2,13.9,106,6.5,0.467,14.0,1.3,0.795,1.6,82,81,2578.0,2.1,0.5,1.1,115,14.4,3.5,18.3,SF,1.8,1.8,3.1,17.4,6.7,7.6,0.623,UTA,15.9,3.3,0.0,0.0,0.0,0.0,0.0,0.0,0.0,0.0,0.0,0.0,0.0,0.0,0.0,1.0,0.0,0.0
Brandon Ingram,7.7,0.483,15.9,1.0,0.39,2.5,5.6,17.7,20,1.0,1.8,-1.3,0.3,6.2,13.8,109,8.7,0.47,18.4,4.7,0.6809999999999999,6.8,59,59,1975.0,-1.6,1.4,3.1,104,13.8,3.9,23.0,SF,1.1,1.1,3.6,14.4,7.6,8.5,0.536,LAL,22.2,0.4,0.0,0.0,0.0,0.0,0.0,0.0,0.0,0.0,0.0,0.0,0.0,0.0,1.0,0.0,0.0,0.0
Wesley Iwundu,4.0,0.488,8.3,0.4,0.196,2.2,2.7,7.8,23,0.6,0.9,-3.5,0.2,4.8,11.0,112,4.5,0.4270000000000001,10.5,1.6,0.723,2.3,62,12,1020.0,-3.7,1.7,3.9,100,7.8,3.9,11.0,SF,1.6,1.6,1.4,11.2,6.6,7.4,0.48,ORL,11.6,-0.4,0.0,0.0,0.0,0.0,0.0,0.0,0.0,0.0,0.0,0.0,0.0,1.0,0.0,0.0,0.0,0.0
Josh Jackson,8.1,0.464,17.5,1.4,0.263,5.3,2.9,10.1,20,0.9,1.4,-4.3,-1.2,6.3,14.2,112,9.5,0.417,22.8,4.3,0.634,6.8,77,35,1959.0,-3.1,2.3,5.1,93,11.8,5.3,24.7,SF,2.0,2.0,3.6,12.2,8.6,9.6,0.48,PHO,26.0,-1.1,0.0,0.0,0.0,0.0,0.0,0.0,0.0,0.0,0.0,0.0,0.0,0.0,1.0,0.0,0.0,0.0
Justin Jackson,4.3,0.547,7.9,1.9,0.308,6.2,2.5,7.2,22,0.4,0.8,-3.5,-1.5,5.4,12.6,114,6.2,0.442,14.1,0.9,0.722,1.2,68,41,1506.0,-2.0,0.9,2.0,103,9.2,2.7,15.2,SF,0.9,0.9,1.3,8.4,6.3,7.1,0.521,SAC,14.2,-0.6,0.0,0.0,0.0,0.0,0.0,0.0,0.0,0.0,0.0,0.0,0.0,1.0,0.0,0.0,0.0,0.0
Joe Johnson,4.4,0.493,8.9,1.7,0.276,6.0,3.4,10.2,36,0.3,0.5,-3.8,-0.4,6.5,14.7,109,6.0,0.406,14.9,1.7,0.889,1.9,55,4,1205.0,-3.4,0.6,1.3,98,8.1,2.8,15.4,SF,0.7,0.7,2.0,11.4,7.1,8.1,0.49,TOT,15.9,-0.5,0.0,0.0,0.0,0.0,0.0,0.0,0.0,0.0,0.0,0.0,0.0,1.0,0.0,0.0,0.0,0.0
Stanley Johnson,3.8,0.439,8.6,1.8,0.28600000000000003,6.2,2.9,8.5,21,0.4,0.7,-1.5,1.1,5.8,13.0,107,5.5,0.375,14.7,2.9,0.772,3.8,69,50,1894.0,-2.6,0.9,1.9,97,9.0,4.5,15.8,SF,2.5,2.5,2.0,11.0,6.6,7.3,0.48,DET,16.4,0.2,0.0,0.0,0.0,0.0,0.0,0.0,0.0,0.0,0.0,0.0,0.0,1.0,0.0,0.0,0.0,0.0
Wesley Johnson,2.9,0.471,6.2,2.0,0.339,5.8,2.0,5.6,30,2.0,3.5,0.3,2.3,6.1,13.6,107,4.9,0.408,12.0,1.4,0.741,1.9,74,40,1486.0,-2.0,0.9,2.2,99,9.8,4.8,13.2,SF,2.5,2.5,1.8,12.3,7.1,8.0,0.512,LAC,13.0,0.9,0.0,0.0,0.0,0.0,0.0,0.0,0.0,0.0,0.0,0.0,0.0,0.0,0.0,1.0,0.0,0.0
Michael Kidd-Gilchrist,7.4,0.505,14.7,0.0,0.0,0.1,1.9,5.9,24,0.8,1.4,-1.8,0.3,5.7,13.0,110,7.4,0.504,14.8,3.1,0.684,4.5,74,74,1850.0,-2.0,2.2,4.8,109,12.5,3.8,18.0,SF,1.3,1.3,1.4,7.8,8.0,8.8,0.536,CHO,16.2,0.1,0.0,0.0,0.0,0.0,0.0,0.0,0.0,0.0,0.0,0.0,0.0,0.0,1.0,0.0,0.0,0.0
Caris LeVert,6.1,0.48,12.8,2.2,0.34700000000000003,6.4,7.8,26.0,23,0.6,0.9,-0.5,-0.2,5.4,11.9,110,8.3,0.435,19.1,3.5,0.711,4.9,71,10,1864.0,-0.3,1.4,3.0,103,14.3,4.1,22.3,SF,2.1,2.1,4.0,15.8,6.8,7.4,0.525,BRK,22.5,0.7,0.0,0.0,0.0,0.0,0.0,0.0,0.0,0.0,0.0,0.0,0.0,0.0,1.0,0.0,0.0,0.0
Timothe Luwawu-Cabarrot,2.8,0.431,6.5,3.2,0.335,9.4,3.2,9.3,22,0.3,0.5,-4.7,-2.4,3.5,7.5,110,6.0,0.375,15.9,2.7,0.7929999999999999,3.5,52,7,807.0,-2.3,0.8,1.9,101,7.0,5.8,17.8,SF,0.7,0.7,2.3,11.5,4.3,4.8,0.511,PHI,17.5,-0.5,0.0,0.0,0.0,0.0,0.0,0.0,0.0,0.0,0.0,0.0,0.0,1.0,0.0,0.0,0.0,0.0
Wesley Matthews,3.1,0.441,6.9,3.6,0.381,9.5,4.1,12.3,31,0.4,0.7,0.1,-0.2,4.0,9.2,111,6.7,0.406,16.4,2.0,0.8220000000000001,2.4,63,62,2131.0,0.2,0.7,1.4,105,11.4,3.3,18.9,SF,1.8,1.8,2.0,10.1,4.7,5.2,0.541,DAL,17.6,1.1,0.0,0.0,0.0,0.0,0.0,0.0,0.0,0.0,0.0,0.0,0.0,1.0,0.0,0.0,0.0,0.0
Doug McDermott,4.1,0.4970000000000001,8.2,2.6,0.426,6.1,2.2,6.5,26,0.5,0.8,-2.4,-1.7,4.5,10.2,115,6.7,0.467,14.3,1.8,0.79,2.3,81,4,1768.0,-0.7,1.1,2.5,111,10.4,3.4,17.7,SF,0.5,0.5,1.6,9.3,5.6,6.3,0.579,TOT,15.0,-0.2,0.0,0.0,0.0,0.0,0.0,0.0,0.0,0.0,0.0,0.0,0.0,1.0,0.0,0.0,0.0,0.0
Khris Middleton,7.5,0.517,14.5,2.4,0.359,6.8,5.5,17.7,26,0.4,0.6,0.4,-1.2,6.4,15.0,111,9.9,0.466,21.3,5.4,0.884,6.1,82,82,2982.0,1.6,0.8,1.8,111,17.4,4.5,27.6,SF,2.0,2.0,3.2,11.8,7.2,8.4,0.5770000000000001,MIL,24.6,1.8,0.0,0.0,0.0,0.0,0.0,0.0,0.0,0.0,0.0,0.0,0.0,0.0,1.0,0.0,0.0,0.0
C.J. Miles,2.3,0.434,5.3,6.0,0.361,16.7,2.0,6.0,30,0.8,1.3,-0.5,-2.2,4.9,11.0,108,8.4,0.379,22.1,3.0,0.835,3.6,70,3,1337.0,1.7,0.7,1.5,109,13.0,4.9,25.8,SF,1.4,1.4,1.4,5.7,5.6,6.4,0.545,TOR,22.3,0.5,0.0,0.0,0.0,0.0,0.0,0.0,0.0,0.0,0.0,0.0,0.0,1.0,0.0,0.0,0.0,0.0
Darius Miller,1.7,0.535,3.2,3.6,0.411,8.8,2.7,7.5,27,0.4,0.7,-1.0,-1.6,3.6,7.9,113,5.3,0.444,12.0,1.4,0.866,1.6,82,3,1944.0,0.5,0.4,1.0,115,9.3,3.9,15.6,SF,0.7,0.7,1.4,10.1,4.0,4.6,0.617,NOP,12.8,0.5,0.0,0.0,0.0,0.0,0.0,0.0,0.0,0.0,0.0,0.0,0.0,1.0,0.0,0.0,0.0,0.0
Shabazz Muhammad,9.2,0.478,19.2,0.8,0.259,3.2,1.7,5.7,25,0.4,0.6,-5.9,-4.1,6.3,14.8,113,10.0,0.447,22.5,4.7,0.78,6.0,43,2,418.0,-1.8,2.7,6.3,109,15.4,3.6,25.6,SF,1.1,1.1,0.7,2.8,9.1,10.6,0.51,TOT,23.0,-0.4,0.0,0.0,0.0,0.0,0.0,0.0,0.0,0.0,0.0,0.0,0.0,0.0,1.0,0.0,0.0,0.0
Abdel Nader,2.6,0.321,8.0,2.2,0.354,6.2,2.5,7.1,24,1.0,1.6,-5.6,0.3,5.6,12.0,105,4.8,0.336,14.3,2.2,0.59,3.7,48,1,522.0,-5.9,1.2,2.8,83,5.1,4.3,14.0,SF,1.4,1.4,3.3,17.0,6.8,7.4,0.439,BOS,17.1,-0.5,0.0,0.0,0.0,0.0,0.0,0.0,0.0,0.0,0.0,0.0,0.0,1.0,0.0,0.0,0.0,0.0
Royce O'Neale,3.4,0.47,7.2,1.8,0.35600000000000004,5.1,4.1,12.0,24,0.7,1.2,-0.6,1.7,9.2,20.6,104,5.2,0.423,12.4,2.7,0.8029999999999999,3.3,69,4,1150.0,-2.4,1.1,2.5,105,10.8,4.6,15.0,SF,1.6,1.6,2.4,14.8,10.3,11.7,0.54,UTA,14.6,0.4,0.0,0.0,0.0,0.0,0.0,0.0,0.0,0.0,0.0,0.0,0.0,0.0,0.0,1.0,0.0,0.0
Cedi Osman,4.2,0.586,7.2,2.3,0.368,6.3,3.0,8.7,22,0.2,0.4,-2.9,-1.5,7.4,16.6,112,6.6,0.484,13.6,1.9,0.565,3.4,61,12,672.0,-1.4,1.4,3.2,108,11.0,5.7,17.3,SF,1.6,1.6,2.3,13.4,8.7,10.0,0.5770000000000001,CLE,15.7,-0.2,0.0,0.0,0.0,0.0,0.0,0.0,0.0,0.0,0.0,0.0,0.0,1.0,0.0,0.0,0.0,0.0
Kelly Oubre,4.3,0.456,9.4,2.8,0.341,8.2,2.2,6.4,22,0.8,1.4,-1.2,-0.4,6.8,15.4,109,7.1,0.403,17.6,4.3,0.82,5.2,81,11,2231.0,-0.8,1.3,3.0,106,11.9,5.2,21.2,SF,1.8,1.8,2.0,9.2,8.1,9.2,0.534,WAS,19.4,0.4,0.0,0.0,0.0,0.0,0.0,0.0,0.0,0.0,0.0,0.0,0.0,0.0,1.0,0.0,0.0,0.0
Otto Porter,6.3,0.537,11.7,2.8,0.441,6.4,3.2,10.1,24,0.8,1.5,3.6,1.2,7.9,18.1,107,9.1,0.503,18.1,2.2,0.828,2.6,77,77,2432.0,2.4,2.1,4.8,120,18.3,3.1,23.2,SF,2.4,2.4,1.5,7.4,10.0,11.4,0.602,WAS,18.4,3.4,0.0,0.0,0.0,0.0,0.0,0.0,0.0,0.0,0.0,0.0,0.0,0.0,0.0,1.0,0.0,0.0
Josh Richardson,5.1,0.495,10.3,2.4,0.378,6.3,4.3,13.2,24,1.4,2.4,1.4,1.5,4.0,9.0,106,7.4,0.451,16.5,2.2,0.845,2.7,81,81,2689.0,-0.1,1.3,2.9,106,13.6,3.7,19.5,SF,2.3,2.3,2.6,12.9,5.3,6.0,0.551,MIA,18.2,2.3,0.0,0.0,0.0,0.0,0.0,0.0,0.0,0.0,0.0,0.0,0.0,0.0,0.0,1.0,0.0,0.0
Jayson Tatum,6.0,0.4920000000000001,12.2,2.2,0.434,5.0,2.6,8.3,19,1.2,2.0,1.0,1.5,7.2,15.6,103,8.1,0.475,17.1,4.4,0.826,5.3,80,80,2438.0,-0.5,1.0,2.3,111,15.3,3.5,22.8,SF,1.7,1.7,2.3,10.7,8.2,9.0,0.586,BOS,19.5,1.8,0.0,0.0,0.0,0.0,0.0,0.0,0.0,0.0,0.0,0.0,0.0,0.0,0.0,1.0,0.0,0.0
Evan Turner,5.3,0.485,10.9,1.0,0.318,3.2,4.2,12.4,29,0.7,1.2,-1.8,0.6,5.2,11.4,109,6.3,0.447,14.1,2.2,0.85,2.6,79,40,2034.0,-2.4,0.7,1.6,103,9.9,4.0,15.9,SF,1.1,1.1,2.4,13.7,6.0,6.5,0.52,POR,15.6,0.1,0.0,0.0,0.0,0.0,0.0,0.0,0.0,0.0,0.0,0.0,0.0,1.0,0.0,0.0,0.0,0.0
Taurean Waller-Prince,4.7,0.461,10.3,3.5,0.385,9.1,4.2,13.9,23,0.8,1.5,-0.7,0.0,6.7,15.3,111,8.2,0.426,19.3,3.0,0.8440000000000001,3.6,82,82,2464.0,-0.7,1.0,2.3,100,12.8,3.3,23.0,SF,1.7,1.7,3.8,15.3,7.7,8.8,0.5489999999999999,ATL,22.1,0.8,0.0,0.0,0.0,0.0,0.0,0.0,0.0,0.0,0.0,0.0,0.0,0.0,1.0,0.0,0.0,0.0
T.J. Warren,11.4,0.523,21.7,0.4,0.222,2.0,1.9,7.2,24,0.9,1.5,-1.9,-1.7,4.6,10.5,114,11.8,0.498,23.8,4.3,0.757,5.7,65,65,2142.0,-0.1,2.8,6.1,109,17.6,3.3,28.4,SF,1.5,1.5,1.9,6.7,7.4,8.3,0.541,PHO,24.9,0.1,0.0,0.0,0.0,0.0,0.0,0.0,0.0,0.0,0.0,0.0,0.0,0.0,1.0,0.0,0.0,0.0
Andrew Wiggins,7.7,0.475,16.1,1.9,0.331,5.7,2.7,8.2,22,0.9,1.5,-2.5,-1.4,4.6,10.8,113,9.6,0.438,21.8,3.4,0.643,5.3,82,82,2979.0,-1.1,1.4,3.1,101,13.0,2.7,24.4,SF,1.5,1.5,2.3,8.8,6.0,6.9,0.505,MIN,23.4,-0.4,0.0,0.0,0.0,0.0,0.0,0.0,0.0,0.0,0.0,0.0,0.0,0.0,1.0,0.0,0.0,0.0
Paul Zipser,2.6,0.355,7.3,2.2,0.336,6.5,2.7,8.0,23,0.9,1.6,-5.9,-0.3,7.0,16.0,112,4.8,0.34600000000000003,13.9,1.1,0.76,1.5,54,12,824.0,-5.5,0.8,1.6,84,5.2,5.1,12.9,SF,1.2,1.2,2.5,14.9,7.8,8.5,0.445,CHI,15.2,-0.8,0.0,0.0,0.0,0.0,0.0,0.0,0.0,0.0,0.0,0.0,0.0,1.0,0.0,0.0,0.0,0.0
Quincy Acy,1.0,0.384,2.6,3.6,0.349,10.4,2.0,6.0,27,1.0,1.6,-2.2,-0.2,7.8,17.0,110,4.6,0.35600000000000004,13.0,1.8,0.8170000000000001,2.1,70,8,1359.0,-2.0,1.4,3.1,99,8.2,5.3,14.7,PF,1.2,1.2,2.1,13.3,9.2,10.0,0.525,BRK,14.4,-0.1,0.0,0.0,0.0,1.0,0.0,0.0,0.0,0.0,0.0,0.0,0.0,0.0,0.0,0.0,0.0,0.0
Al-Farouq Aminu,2.5,0.4320000000000001,5.8,3.0,0.369,8.1,2.0,5.8,27,1.0,1.6,1.1,1.9,10.3,22.3,104,5.5,0.395,14.0,1.4,0.738,1.9,69,67,2072.0,-0.8,2.3,5.2,105,12.0,3.3,15.5,PF,1.9,1.9,1.9,11.3,12.6,13.8,0.522,POR,14.8,1.6,0.0,0.0,0.0,0.0,0.0,1.0,0.0,0.0,0.0,0.0,0.0,0.0,0.0,0.0,0.0,0.0
Ryan Anderson,2.2,0.539,4.0,3.7,0.386,9.7,1.7,5.1,29,0.6,1.0,0.2,-0.8,6.8,15.4,109,5.9,0.431,13.7,2.1,0.774,2.7,66,50,1725.0,1.0,2.7,6.2,121,12.6,3.6,17.6,PF,0.7,0.7,1.2,7.5,9.4,10.8,0.5920000000000001,HOU,14.4,1.0,0.0,0.0,0.0,0.0,0.0,1.0,0.0,0.0,0.0,0.0,0.0,0.0,0.0,0.0,0.0,0.0
Giannis Antetokounmpo,12.6,0.5539999999999999,22.8,0.8,0.307,2.5,6.5,23.7,23,1.9,3.3,5.8,1.9,10.8,25.3,106,13.4,0.529,25.4,8.8,0.76,11.6,75,75,2756.0,3.9,2.8,6.7,116,27.3,4.2,36.4,PF,2.0,2.0,4.0,11.7,13.6,16.0,0.598,MIL,31.2,5.4,0.0,0.0,0.0,0.0,0.0,0.0,0.0,1.0,0.0,0.0,0.0,0.0,0.0,0.0,0.0,0.0
Carmelo Anthony,6.0,0.4370000000000001,13.8,3.4,0.35700000000000004,9.4,2.0,6.5,33,1.0,1.8,-3.8,-1.9,7.7,17.7,109,9.4,0.404,23.2,2.9,0.767,3.8,78,78,2501.0,-1.9,1.3,2.9,104,12.7,3.9,25.0,PF,0.9,0.9,2.0,7.3,9.0,10.0,0.503,OKC,23.2,-1.1,0.0,0.0,0.0,0.0,1.0,0.0,0.0,0.0,0.0,0.0,0.0,0.0,0.0,0.0,0.0,0.0
Harrison Barnes,8.0,0.478,16.7,2.3,0.35700000000000004,6.3,2.9,9.9,25,0.3,0.5,-2.1,-1.4,7.5,17.1,111,10.2,0.445,23.0,4.9,0.8270000000000001,6.0,77,77,2634.0,-0.7,1.5,3.1,105,15.8,1.8,27.7,PF,0.9,0.9,2.2,8.1,8.9,9.9,0.539,DAL,25.2,-0.1,0.0,0.0,0.0,0.0,1.0,0.0,0.0,0.0,0.0,0.0,0.0,0.0,0.0,0.0,0.0,0.0
Michael Beasley,11.2,0.52,21.6,1.0,0.395,2.6,3.7,12.5,29,1.3,2.3,-1.5,-0.4,9.5,21.2,110,12.3,0.507,24.2,3.7,0.78,4.8,74,30,1653.0,-1.0,2.9,6.5,103,17.8,4.3,29.3,PF,1.1,1.1,4.3,14.0,12.4,13.9,0.556,NYK,26.9,0.2,0.0,0.0,0.0,0.0,1.0,0.0,0.0,0.0,0.0,0.0,0.0,0.0,0.0,0.0,0.0,0.0
Dragan Bender,1.6,0.426,3.7,2.7,0.366,7.4,3.0,8.9,20,1.2,2.1,-2.7,0.0,7.4,16.8,114,4.3,0.386,11.2,0.9,0.765,1.2,82,37,2069.0,-2.7,0.9,2.0,95,7.1,3.8,12.3,PF,0.5,0.5,2.6,18.1,8.4,9.3,0.524,PHO,12.7,-0.4,0.0,0.0,0.0,1.0,0.0,0.0,0.0,0.0,0.0,0.0,0.0,0.0,0.0,0.0,0.0,0.0
Davis Bertans,3.1,0.588,5.3,4.4,0.373,11.7,3.4,10.3,25,1.3,2.1,1.0,-0.3,6.3,13.9,106,7.5,0.44,17.0,1.9,0.816,2.3,77,10,1086.0,1.2,0.8,1.8,115,14.1,4.3,21.2,PF,1.2,1.2,1.7,8.5,7.1,7.8,0.588,SAS,17.4,0.8,0.0,0.0,0.0,0.0,0.0,1.0,0.0,0.0,0.0,0.0,0.0,0.0,0.0,0.0,0.0,0.0
Nemanja Bjelica,3.5,0.505,6.9,2.8,0.415,6.7,3.1,8.7,29,0.6,1.0,0.5,-0.1,8.1,18.8,110,6.2,0.461,13.5,1.3,0.8,1.6,67,21,1371.0,0.6,1.9,4.4,114,12.6,5.1,16.6,PF,1.8,1.8,1.9,11.7,10.0,11.5,0.581,MIN,14.3,0.9,0.0,0.0,0.0,0.0,0.0,1.0,0.0,0.0,0.0,0.0,0.0,0.0,0.0,0.0,0.0,0.0
Trevor Booker,7.1,0.545,13.0,0.3,0.242,1.4,3.4,10.8,30,0.9,1.5,-0.5,0.5,8.4,18.6,108,7.4,0.516,14.4,2.8,0.71,3.9,68,7,1158.0,-1.0,4.9,11.1,114,14.9,5.0,18.0,PF,1.2,1.2,2.5,13.3,13.4,14.9,0.557,TOT,16.6,0.4,0.0,0.0,0.0,0.0,0.0,0.0,1.0,0.0,0.0,0.0,0.0,0.0,0.0,0.0,0.0,0.0
Marquese Chriss,4.6,0.509,9.0,1.8,0.295,6.0,2.6,8.1,20,2.2,3.7,-2.0,1.3,10.0,22.7,109,6.3,0.423,15.0,3.0,0.608,5.0,72,49,1527.0,-3.3,2.4,5.2,95,11.1,6.4,17.4,PF,1.6,1.6,3.4,16.4,12.4,13.8,0.509,PHO,18.1,0.0,0.0,0.0,0.0,0.0,0.0,1.0,0.0,0.0,0.0,0.0,0.0,0.0,0.0,0.0,0.0,0.0
John Collins,8.2,0.598,13.6,0.4,0.34,1.3,2.7,8.9,20,2.2,3.8,1.7,1.9,10.0,22.8,108,8.6,0.5760000000000001,14.9,3.6,0.715,5.1,74,26,1785.0,-0.2,4.8,11.0,117,18.3,5.9,21.3,PF,1.3,1.3,2.9,14.3,14.8,16.9,0.62,ATL,17.9,1.7,0.0,0.0,0.0,0.0,0.0,0.0,1.0,0.0,0.0,0.0,0.0,0.0,0.0,0.0,0.0,0.0
Anthony Davis,12.7,0.5579999999999999,22.8,1.0,0.34,2.8,3.0,10.8,24,3.4,5.6,5.2,2.3,11.3,24.8,102,13.7,0.534,25.6,8.7,0.828,10.5,75,75,2727.0,2.8,3.3,7.7,119,28.9,2.8,36.9,PF,2.0,2.0,2.8,8.6,14.6,16.5,0.612,NOP,30.0,4.9,0.0,0.0,0.0,0.0,0.0,0.0,0.0,1.0,0.0,0.0,0.0,0.0,0.0,0.0,0.0,0.0
Sam Dekker,6.5,0.593,11.0,0.6,0.16699999999999998,3.3,2.1,6.2,23,0.5,0.9,-3.1,-1.0,7.2,16.0,111,7.0,0.494,14.3,2.0,0.6609999999999999,3.1,73,1,883.0,-2.1,2.4,5.6,107,11.5,3.9,16.7,PF,1.3,1.3,1.8,10.4,9.6,10.8,0.534,LAC,15.5,-0.2,0.0,0.0,0.0,0.0,0.0,1.0,0.0,0.0,0.0,0.0,0.0,0.0,0.0,0.0,0.0,0.0
Cheick Diallo,8.4,0.58,14.5,0.0,0.0,0.0,1.6,4.7,21,1.7,2.9,-3.1,-0.3,13.5,29.6,105,8.4,0.58,14.5,4.1,0.758,5.4,52,0,581.0,-2.8,3.9,9.1,118,17.0,6.7,20.9,PF,0.9,0.9,2.3,12.0,17.3,19.7,0.619,NOP,17.4,-0.2,0.0,0.0,0.0,0.0,0.0,0.0,1.0,0.0,0.0,0.0,0.0,0.0,0.0,0.0,0.0,0.0
Jared Dudley,1.3,0.452,2.9,2.0,0.363,5.6,5.4,15.6,32,0.8,1.3,-1.9,0.0,6.0,13.6,113,3.3,0.393,8.5,1.9,0.7709999999999999,2.4,48,0,686.0,-1.9,0.6,1.2,110,8.8,5.9,10.6,PF,1.7,1.7,2.0,16.9,6.6,7.3,0.5529999999999999,PHO,10.2,0.0,0.0,0.0,0.0,1.0,0.0,0.0,0.0,0.0,0.0,0.0,0.0,0.0,0.0,0.0,0.0,0.0
Kevin Durant,9.5,0.565,16.8,3.6,0.419,8.6,7.6,25.5,29,2.5,4.0,5.6,0.7,9.0,19.5,107,13.1,0.516,25.3,7.4,0.889,8.4,68,68,2325.0,5.0,0.6,1.6,119,26.0,2.8,37.1,PF,1.0,1.0,4.3,12.9,9.6,11.2,0.64,GSW,30.4,4.5,0.0,0.0,0.0,0.0,0.0,0.0,0.0,1.0,0.0,0.0,0.0,0.0,0.0,0.0,0.0,0.0
Rudy Gay,8.9,0.516,17.2,1.5,0.314,4.8,3.0,9.8,31,1.6,2.6,0.3,1.0,8.8,19.5,103,10.4,0.471,22.0,4.6,0.772,6.0,57,6,1231.0,-0.7,3.1,6.8,106,18.0,4.0,26.9,PF,1.9,1.9,3.2,11.5,11.9,13.1,0.545,SAS,24.6,0.7,0.0,0.0,0.0,0.0,1.0,0.0,0.0,0.0,0.0,0.0,0.0,0.0,0.0,0.0,0.0,0.0
Taj Gibson,7.7,0.595,12.9,0.1,0.2,0.6,1.8,5.2,32,1.1,1.9,1.1,0.2,7.2,16.7,112,7.8,0.5770000000000001,13.5,2.6,0.768,3.4,82,82,2726.0,0.9,3.6,8.1,123,15.4,4.0,18.3,PF,1.1,1.1,1.6,9.8,10.7,12.4,0.61,MIN,14.7,2.1,0.0,0.0,0.0,0.0,0.0,1.0,0.0,0.0,0.0,0.0,0.0,0.0,0.0,0.0,0.0,0.0
Aaron Gordon,6.7,0.4970000000000001,13.4,2.9,0.336,8.8,3.5,11.7,22,1.2,1.9,0.0,0.0,9.5,21.5,109,9.6,0.434,22.2,4.0,0.698,5.8,58,57,1909.0,0.0,2.2,5.0,103,16.5,2.8,26.2,PF,1.5,1.5,2.7,10.0,11.7,13.2,0.53,ORL,24.7,1.0,0.0,0.0,0.0,0.0,1.0,0.0,0.0,0.0,0.0,0.0,0.0,0.0,0.0,0.0,0.0,0.0
Jerami Grant,6.4,0.613,10.4,1.0,0.29100000000000004,3.3,1.7,5.1,23,2.3,4.2,-0.6,0.2,7.0,16.3,108,7.4,0.535,13.7,4.9,0.675,7.2,81,1,1647.0,-0.8,2.6,5.6,122,16.2,4.7,20.6,PF,0.9,0.9,1.6,8.8,9.6,10.7,0.607,OKC,16.0,0.6,0.0,0.0,0.0,0.0,0.0,1.0,0.0,0.0,0.0,0.0,0.0,0.0,0.0,0.0,0.0,0.0
Draymond Green,4.3,0.562,7.6,1.6,0.301,5.4,10.7,29.0,27,1.9,3.1,3.2,2.7,9.7,21.1,105,5.9,0.454,13.0,2.8,0.775,3.6,70,70,2287.0,0.4,1.6,3.9,110,16.1,3.9,16.3,PF,2.0,2.0,4.3,22.5,11.3,13.1,0.556,GSW,17.2,3.0,0.0,0.0,0.0,0.0,0.0,1.0,0.0,0.0,0.0,0.0,0.0,0.0,0.0,0.0,0.0,0.0
JaMychal Green,5.9,0.499,11.8,1.4,0.339,4.2,2.6,8.3,27,0.8,1.5,-1.5,-0.4,10.4,24.4,110,7.3,0.457,16.0,2.6,0.721,3.6,55,54,1542.0,-1.2,4.8,10.8,108,14.0,5.0,18.7,PF,1.0,1.0,2.5,12.4,15.2,17.4,0.53,MEM,17.8,0.2,0.0,0.0,0.0,0.0,0.0,0.0,1.0,0.0,0.0,0.0,0.0,0.0,0.0,0.0,0.0,0.0
Jeff Green,6.5,0.54,12.0,1.4,0.312,4.6,2.7,8.0,31,0.9,1.6,-1.9,-1.7,5.0,11.2,114,7.9,0.477,16.6,5.4,0.868,6.3,78,13,1828.0,-0.2,1.6,3.7,115,14.8,4.0,22.7,PF,1.1,1.1,2.0,9.4,6.6,7.6,0.5870000000000001,CLE,19.3,0.1,0.0,0.0,0.0,0.0,0.0,1.0,0.0,0.0,0.0,0.0,0.0,0.0,0.0,0.0,0.0,0.0
Blake Griffin,8.1,0.482,16.8,2.8,0.345,8.0,8.3,28.1,28,0.4,0.8,2.8,-0.1,8.9,19.8,110,10.9,0.438,24.8,6.5,0.785,8.2,58,58,1970.0,2.9,1.8,4.1,109,19.6,3.5,31.0,PF,1.0,1.0,4.1,12.6,10.7,12.0,0.544,TOT,28.9,2.4,0.0,0.0,0.0,0.0,1.0,0.0,0.0,0.0,0.0,0.0,0.0,0.0,0.0,0.0,0.0,0.0
Tobias Harris,7.0,0.488,14.4,3.4,0.411,8.2,3.6,11.8,25,0.6,1.1,0.7,-0.8,7.0,15.7,110,10.4,0.46,22.6,3.3,0.8290000000000001,4.0,80,80,2668.0,1.5,1.1,2.4,112,17.1,3.0,27.5,PF,1.3,1.3,1.9,7.4,8.1,9.0,0.565,TOT,23.3,1.8,0.0,0.0,0.0,0.0,1.0,0.0,0.0,0.0,0.0,0.0,0.0,0.0,0.0,0.0,0.0,0.0
Josh Huestis,1.4,0.403,3.4,1.7,0.287,5.8,1.0,2.7,26,2.2,4.0,-3.9,0.7,6.0,13.9,109,3.0,0.33,9.2,0.3,0.3,1.0,69,10,982.0,-4.6,2.1,4.6,91,5.4,4.1,8.0,PF,0.8,0.8,1.3,12.0,8.1,9.1,0.417,OKC,9.5,-0.5,0.0,0.0,0.0,1.0,0.0,0.0,0.0,0.0,0.0,0.0,0.0,0.0,0.0,0.0,0.0,0.0
Serge Ibaka,6.4,0.5589999999999999,11.5,2.5,0.36,7.0,1.5,4.4,28,2.3,3.8,-0.2,0.6,9.4,21.0,105,8.9,0.483,18.5,2.2,0.797,2.8,76,76,2093.0,-0.8,1.8,4.3,109,14.7,4.9,22.6,PF,0.7,0.7,2.1,9.7,11.3,12.8,0.574,TOR,19.4,1.0,0.0,0.0,0.0,0.0,0.0,1.0,0.0,0.0,0.0,0.0,0.0,0.0,0.0,0.0,0.0,0.0
Ersan Ilyasova,5.2,0.517,10.1,2.6,0.36,7.1,2.5,7.9,30,0.7,1.3,0.1,-0.1,8.1,18.0,108,7.8,0.452,17.2,3.0,0.778,3.8,69,43,1729.0,0.2,3.3,7.6,111,14.9,4.4,21.1,PF,1.7,1.7,2.0,9.7,11.4,12.9,0.5579999999999999,TOT,18.7,0.9,0.0,0.0,0.0,0.0,0.0,1.0,0.0,0.0,0.0,0.0,0.0,0.0,0.0,0.0,0.0,0.0
LeBron James,11.5,0.603,19.0,2.4,0.3670000000000001,6.6,12.1,44.4,33,1.1,2.0,9.6,2.0,9.9,22.3,109,13.9,0.542,25.6,6.3,0.731,8.6,82,82,3026.0,7.6,1.6,3.7,118,28.6,2.2,36.4,PF,1.9,1.9,5.6,16.1,11.5,13.1,0.621,CLE,31.6,8.9,0.0,0.0,0.0,0.0,0.0,0.0,0.0,1.0,0.0,0.0,0.0,0.0,0.0,0.0,0.0,0.0
Jonas Jerebko,4.2,0.511,8.1,2.9,0.414,6.9,1.9,5.7,30,0.5,0.9,-0.6,-0.3,8.5,19.1,106,7.0,0.466,15.1,2.0,0.807,2.5,74,19,1134.0,-0.3,2.3,5.4,118,13.2,5.6,19.0,PF,1.1,1.1,1.2,6.9,10.9,12.3,0.586,UTA,15.6,0.4,0.0,0.0,0.0,0.0,0.0,1.0,0.0,0.0,0.0,0.0,0.0,0.0,0.0,0.0,0.0,0.0
James Johnson,6.5,0.5870000000000001,11.1,1.5,0.308,4.8,7.2,22.5,30,1.3,2.2,1.7,1.7,7.7,17.2,105,8.0,0.503,15.9,2.9,0.698,4.2,73,41,1943.0,-0.1,1.6,3.5,109,15.8,5.0,20.4,PF,1.8,1.8,3.6,17.2,9.3,10.3,0.575,MIA,19.1,1.8,0.0,0.0,0.0,0.0,0.0,1.0,0.0,0.0,0.0,0.0,0.0,0.0,0.0,0.0,0.0,0.0
Frank Kaminsky,5.4,0.459,11.7,2.8,0.38,7.3,3.4,11.0,24,0.5,0.9,-0.9,-1.2,6.4,14.5,111,8.2,0.429,19.0,4.1,0.799,5.2,79,4,1835.0,0.3,1.2,2.7,110,14.4,2.5,23.2,PF,1.0,1.0,1.8,7.6,7.7,8.5,0.545,CHO,20.5,0.5,0.0,0.0,0.0,0.0,1.0,0.0,0.0,0.0,0.0,0.0,0.0,0.0,0.0,0.0,0.0,0.0
Maxi Kleber,4.6,0.613,7.5,1.7,0.313,5.3,2.1,6.4,26,2.0,3.5,0.2,1.2,6.8,15.6,109,6.3,0.489,12.9,1.8,0.746,2.5,72,36,1206.0,-1.0,3.0,6.3,117,13.4,4.7,16.1,PF,1.1,1.1,1.2,8.2,9.7,10.8,0.5760000000000001,DAL,13.7,0.7,0.0,0.0,0.0,0.0,0.0,1.0,0.0,0.0,0.0,0.0,0.0,0.0,0.0,0.0,0.0,0.0
Kyle Kuzma,6.2,0.511,12.1,3.2,0.366,8.6,2.8,9.1,22,0.7,1.1,-1.3,-1.0,7.9,17.4,109,9.3,0.45,20.7,2.9,0.7070000000000001,4.1,77,37,2401.0,-0.3,1.8,3.9,105,14.2,3.2,24.7,PF,1.0,1.0,2.8,11.0,9.6,10.7,0.5489999999999999,LAL,22.5,0.4,0.0,0.0,0.0,0.0,1.0,0.0,0.0,0.0,0.0,0.0,0.0,0.0,0.0,0.0,0.0,0.0
Skal Labissiere,7.6,0.459,16.6,0.7,0.353,2.1,2.9,9.1,21,2.0,3.7,-2.6,0.1,7.7,18.1,111,8.4,0.448,18.7,3.9,0.805,4.8,60,28,1240.0,-2.7,4.0,8.7,103,14.3,5.4,21.3,PF,1.0,1.0,3.0,12.5,11.7,13.2,0.513,SAC,21.1,-0.2,0.0,0.0,0.0,0.0,1.0,0.0,0.0,0.0,0.0,0.0,0.0,0.0,0.0,0.0,0.0,0.0
T.J. Leaf,5.0,0.489,10.2,2.0,0.429,4.6,1.0,2.8,20,0.4,0.8,-4.8,-2.9,5.8,13.0,112,7.0,0.471,14.8,1.1,0.625,1.7,53,0,459.0,-1.9,3.2,7.2,113,10.7,4.9,17.0,PF,0.5,0.5,1.1,6.5,8.9,10.1,0.545,IND,14.9,-0.3,0.0,0.0,0.0,1.0,0.0,0.0,0.0,0.0,0.0,0.0,0.0,0.0,0.0,0.0,0.0,0.0
Trey Lyles,6.7,0.563,11.8,3.0,0.381,7.8,3.2,10.1,22,1.2,2.0,-0.8,-1.4,10.4,23.5,110,9.6,0.491,19.6,3.6,0.706,5.1,73,2,1391.0,0.6,2.0,4.5,116,17.9,4.0,25.8,PF,1.1,1.1,2.2,9.0,12.4,14.0,0.591,DEN,21.1,0.4,0.0,0.0,0.0,0.0,1.0,0.0,0.0,0.0,0.0,0.0,0.0,0.0,0.0,0.0,0.0,0.0
Lauri Markkanen,5.5,0.4970000000000001,11.1,3.5,0.362,9.7,1.9,6.4,20,1.0,1.8,-1.9,-1.3,10.4,23.7,110,9.0,0.434,20.8,3.4,0.843,4.0,68,68,2020.0,-0.6,1.9,4.0,107,15.6,2.5,25.0,PF,0.9,0.9,2.0,8.2,12.3,13.5,0.552,CHI,21.9,0.1,0.0,0.0,0.0,0.0,1.0,0.0,0.0,0.0,0.0,0.0,0.0,0.0,0.0,0.0,0.0,0.0
Jarell Martin,5.7,0.47,12.1,1.0,0.34700000000000003,3.0,2.2,7.0,23,1.5,2.8,-3.0,0.0,6.7,15.8,111,6.7,0.446,15.1,2.7,0.767,3.5,73,36,1661.0,-3.0,3.0,6.6,101,10.5,6.4,17.2,PF,1.2,1.2,2.6,13.6,9.7,11.1,0.516,MEM,17.1,-0.4,0.0,0.0,0.0,0.0,0.0,1.0,0.0,0.0,0.0,0.0,0.0,0.0,0.0,0.0,0.0,0.0
Luc Mbah a Moute,3.2,0.599,5.4,2.0,0.364,5.4,1.7,5.0,31,0.8,1.4,0.0,1.5,5.2,11.7,106,5.2,0.481,10.9,2.0,0.684,3.0,61,15,1564.0,-1.5,0.7,1.6,106,10.2,3.1,14.5,PF,2.3,2.3,2.1,15.1,5.9,6.7,0.595,HOU,12.9,0.8,0.0,0.0,0.0,0.0,0.0,1.0,0.0,0.0,0.0,0.0,0.0,0.0,0.0,0.0,0.0,0.0
Nikola Mirotic,5.5,0.525,10.5,4.4,0.377,11.5,2.6,8.6,26,1.3,2.2,0.6,-0.7,11.2,24.9,107,9.9,0.447,22.1,3.6,0.818,4.4,55,14,1494.0,1.4,1.9,4.3,111,18.7,3.5,27.7,PF,1.4,1.4,2.0,7.7,13.1,14.6,0.5770000000000001,TOT,23.4,1.0,0.0,0.0,0.0,0.0,1.0,0.0,0.0,0.0,0.0,0.0,0.0,0.0,0.0,0.0,0.0,0.0
Eric Moreland,4.1,0.541,7.6,0.0,0.0,0.0,4.8,13.3,26,3.2,5.6,2.6,5.8,12.2,27.6,101,4.1,0.541,7.6,0.7,0.379,1.8,67,3,805.0,-3.1,5.0,10.9,111,13.9,7.2,8.9,PF,1.9,1.9,2.6,23.8,17.2,19.1,0.531,DET,9.7,0.9,0.0,0.0,0.0,0.0,0.0,0.0,1.0,0.0,0.0,0.0,0.0,0.0,0.0,0.0,0.0,0.0
Marcus Morris,6.1,0.467,13.0,3.0,0.368,8.1,2.5,8.1,28,0.4,0.7,-1.7,-0.6,8.5,18.4,105,9.0,0.429,21.1,4.3,0.805,5.3,54,21,1447.0,-1.0,1.5,3.3,106,14.5,3.5,25.4,PF,1.2,1.2,2.2,8.7,10.0,10.9,0.541,BOS,23.0,0.1,0.0,0.0,0.0,0.0,1.0,0.0,0.0,0.0,0.0,0.0,0.0,0.0,0.0,0.0,0.0,0.0
Markieff Morris,6.4,0.529,12.1,1.9,0.3670000000000001,5.2,3.6,11.0,28,1.0,1.7,-0.5,0.5,8.4,19.2,108,8.3,0.48,17.3,2.6,0.82,3.2,73,73,1968.0,-1.0,1.9,4.3,105,13.2,5.5,21.2,PF,1.4,1.4,3.2,14.6,10.3,11.8,0.5660000000000001,WAS,19.5,0.7,0.0,0.0,0.0,0.0,0.0,1.0,0.0,0.0,0.0,0.0,0.0,0.0,0.0,0.0,0.0,0.0
Semi Ojeleye,1.1,0.397,2.7,1.7,0.32,5.4,0.9,2.4,23,0.2,0.3,-3.5,0.1,5.4,11.6,107,2.8,0.34600000000000003,8.2,1.1,0.61,1.8,73,0,1150.0,-3.6,1.6,3.6,97,4.6,4.0,8.5,PF,0.9,0.9,1.1,10.8,7.0,7.7,0.473,BOS,9.0,-0.4,0.0,0.0,0.0,1.0,0.0,0.0,0.0,0.0,0.0,0.0,0.0,0.0,0.0,0.0,0.0,0.0
Kelly Olynyk,5.9,0.59,10.0,3.0,0.379,7.9,5.8,18.7,26,1.0,1.7,2.9,1.3,9.7,21.6,105,8.9,0.4970000000000001,17.9,3.8,0.77,4.9,76,22,1779.0,1.6,2.5,5.6,112,17.8,6.3,24.6,PF,1.7,1.7,4.1,17.1,12.2,13.6,0.612,MIA,21.7,2.2,0.0,0.0,0.0,0.0,0.0,1.0,0.0,0.0,0.0,0.0,0.0,0.0,0.0,0.0,0.0,0.0
Patrick Patterson,1.6,0.421,3.7,2.6,0.386,6.7,2.2,6.1,28,0.9,1.6,-1.3,0.3,6.3,14.6,108,4.1,0.398,10.4,1.6,0.87,1.8,82,3,1270.0,-1.6,1.3,2.7,114,10.0,3.4,12.4,PF,1.9,1.9,1.3,10.3,7.5,8.4,0.555,OKC,10.8,0.2,0.0,0.0,0.0,1.0,0.0,0.0,0.0,0.0,0.0,0.0,0.0,0.0,0.0,0.0,0.0,0.0
Bobby Portis,9.0,0.514,17.5,2.4,0.359,6.6,3.7,13.2,22,0.7,1.3,0.3,-0.6,10.1,23.0,110,11.3,0.471,24.1,3.6,0.769,4.6,73,4,1643.0,1.0,4.7,10.0,108,19.7,3.9,28.6,PF,1.5,1.5,3.1,10.5,14.8,16.2,0.5479999999999999,CHI,26.0,1.0,0.0,0.0,0.0,0.0,1.0,0.0,0.0,0.0,0.0,0.0,0.0,0.0,0.0,0.0,0.0,0.0
Kristaps Porzingis,9.6,0.454,21.1,2.9,0.395,7.3,1.8,6.2,22,3.7,6.4,-0.7,-0.2,8.1,18.1,108,12.4,0.439,28.4,7.0,0.7929999999999999,8.8,48,48,1553.0,-0.5,2.0,4.4,105,20.4,4.5,34.7,PF,1.1,1.1,3.0,8.4,10.1,11.3,0.539,NYK,31.0,0.5,0.0,0.0,0.0,0.0,1.0,0.0,0.0,0.0,0.0,0.0,0.0,0.0,0.0,0.0,0.0,0.0
Zach Randolph,10.4,0.503,20.7,1.7,0.34700000000000003,4.9,4.3,14.9,36,0.3,0.6,-1.8,-1.2,10.1,23.7,111,12.1,0.473,25.6,2.8,0.785,3.6,59,57,1508.0,-0.6,3.3,7.0,101,17.3,4.0,28.7,PF,1.4,1.4,3.9,12.5,13.3,15.0,0.529,SAC,27.6,0.1,0.0,0.0,0.0,0.0,1.0,0.0,0.0,0.0,0.0,0.0,0.0,0.0,0.0,0.0,0.0,0.0
Dario Saric,5.1,0.501,10.2,3.3,0.393,8.3,4.2,13.0,23,0.4,0.7,1.4,-0.2,7.6,16.4,107,8.4,0.453,18.5,3.7,0.86,4.3,78,73,2310.0,1.6,3.2,7.5,113,15.8,3.3,23.8,PF,1.1,1.1,3.1,13.1,10.8,12.1,0.5820000000000001,PHI,20.9,2.0,0.0,0.0,0.0,0.0,1.0,0.0,0.0,0.0,0.0,0.0,0.0,0.0,0.0,0.0,0.0,0.0
Mike Scott,7.4,0.5820000000000001,12.8,2.3,0.405,5.8,2.8,9.1,29,0.4,0.6,-2.3,-1.8,7.0,15.8,111,9.7,0.527,18.5,1.8,0.6579999999999999,2.7,76,1,1406.0,-0.5,1.8,4.0,109,13.7,5.2,23.6,PF,0.8,0.8,2.8,12.4,8.7,9.9,0.599,WAS,20.0,-0.1,0.0,0.0,0.0,0.0,0.0,1.0,0.0,0.0,0.0,0.0,0.0,0.0,0.0,0.0,0.0,0.0
Pascal Siakam,6.6,0.612,10.7,0.9,0.22,3.9,4.7,13.5,23,1.2,2.0,2.1,2.2,8.4,18.6,105,7.4,0.508,14.6,1.6,0.621,2.6,81,5,1679.0,0.0,2.3,5.4,113,14.5,4.9,17.3,PF,1.8,1.8,2.0,11.1,10.7,12.1,0.5489999999999999,TOR,15.7,1.7,0.0,0.0,0.0,0.0,0.0,1.0,0.0,0.0,0.0,0.0,0.0,0.0,0.0,0.0,0.0,0.0
Lance Thomas,1.9,0.364,5.2,1.8,0.403,4.5,1.6,4.2,29,0.5,0.9,-2.6,-0.5,4.8,10.7,113,3.7,0.382,9.8,1.6,0.83,1.9,73,31,1353.0,-2.1,1.6,3.6,103,6.3,4.9,10.9,PF,1.1,1.1,1.5,12.1,6.4,7.2,0.513,NYK,10.7,-0.2,0.0,0.0,0.0,1.0,0.0,0.0,0.0,0.0,0.0,0.0,0.0,0.0,0.0,0.0,0.0,0.0
Anthony Tolliver,1.7,0.561,3.0,4.5,0.436,10.4,2.6,7.5,32,0.6,1.1,1.5,-0.8,5.4,12.3,110,6.2,0.464,13.4,3.0,0.797,3.8,79,14,1757.0,2.3,1.4,3.1,126,13.9,4.1,20.0,PF,0.9,0.9,1.6,9.9,6.8,7.6,0.6629999999999999,DET,14.8,1.5,0.0,0.0,0.0,0.0,0.0,1.0,0.0,0.0,0.0,0.0,0.0,0.0,0.0,0.0,0.0,0.0
P.J. Tucker,1.2,0.435,2.8,2.5,0.371,6.7,1.7,4.6,32,0.6,1.0,0.0,1.5,7.9,17.8,106,3.7,0.39,9.5,0.9,0.7170000000000001,1.3,82,34,2281.0,-1.5,2.0,4.6,107,8.3,4.4,10.8,PF,1.7,1.7,1.6,13.7,9.9,11.3,0.537,HOU,10.5,1.2,0.0,0.0,0.0,1.0,0.0,0.0,0.0,0.0,0.0,0.0,0.0,0.0,0.0,0.0,0.0,0.0
Noah Vonleh,4.7,0.5,9.5,1.1,0.303,3.7,1.9,5.7,22,1.0,1.6,-3.1,0.3,13.6,30.2,106,5.9,0.444,13.2,2.0,0.621,3.3,54,16,875.0,-3.4,3.9,8.5,106,12.8,3.8,14.9,PF,1.1,1.1,1.7,10.7,17.5,19.2,0.509,TOT,14.5,-0.2,0.0,0.0,0.0,0.0,0.0,0.0,1.0,0.0,0.0,0.0,0.0,0.0,0.0,0.0,0.0,0.0
Marvin Williams,3.2,0.512,6.3,3.1,0.413,7.4,2.3,7.0,31,0.9,1.6,1.7,0.5,7.2,16.2,109,6.3,0.458,13.7,2.5,0.8290000000000001,3.0,78,78,2006.0,1.1,1.8,3.9,118,13.9,2.8,18.1,PF,1.4,1.4,1.6,9.7,9.0,10.0,0.603,CHO,14.8,1.9,0.0,0.0,0.0,0.0,0.0,1.0,0.0,0.0,0.0,0.0,0.0,0.0,0.0,0.0,0.0,0.0
Justise Winslow,4.7,0.44,10.7,1.5,0.38,3.9,4.4,13.0,21,1.0,1.7,-1.0,1.7,9.1,20.4,105,6.2,0.424,14.6,2.0,0.635,3.1,68,25,1680.0,-2.7,1.9,4.3,101,11.5,4.2,15.8,PF,1.6,1.6,2.3,12.6,11.1,12.3,0.496,MIA,16.3,0.4,0.0,0.0,0.0,0.0,0.0,1.0,0.0,0.0,0.0,0.0,0.0,0.0,0.0,0.0,0.0,0.0
Thaddeus Young,7.0,0.531,13.1,1.1,0.32,3.5,2.9,8.5,29,0.7,1.2,1.5,1.4,6.3,14.1,107,8.1,0.487,16.6,1.1,0.598,1.8,81,81,2607.0,0.1,3.5,8.0,108,14.8,3.4,18.3,PF,2.6,2.6,2.0,10.4,9.8,11.1,0.528,IND,17.3,2.3,0.0,0.0,0.0,0.0,0.0,1.0,0.0,0.0,0.0,0.0,0.0,0.0,0.0,0.0,0.0,0.0
Steven Adams,8.9,0.631,14.2,0.0,0.0,0.0,1.8,5.5,24,1.6,2.8,3.3,1.1,6.0,13.9,107,8.9,0.629,14.2,3.2,0.5589999999999999,5.7,76,76,2487.0,2.2,7.7,16.6,125,20.6,4.3,21.1,C,1.8,1.8,2.6,13.2,13.7,15.3,0.63,OKC,16.7,3.3,1.0,0.0,0.0,0.0,0.0,0.0,0.0,0.0,0.0,0.0,0.0,0.0,0.0,0.0,0.0,0.0
Bam Adebayo,6.4,0.523,12.2,0.0,0.0,0.3,3.7,11.0,20,1.5,2.5,0.2,1.8,9.7,21.6,105,6.4,0.512,12.5,4.7,0.721,6.6,69,19,1368.0,-1.6,4.3,9.7,116,15.7,5.1,17.5,C,1.2,1.2,2.4,13.6,14.0,15.6,0.57,MIA,15.9,0.8,1.0,0.0,0.0,0.0,0.0,0.0,0.0,0.0,0.0,0.0,0.0,0.0,0.0,0.0,0.0,0.0
LaMarcus Aldridge,13.3,0.526,25.3,0.5,0.293,1.9,3.1,11.3,32,1.8,3.0,3.3,0.3,7.8,17.3,105,13.8,0.51,27.1,6.7,0.8370000000000001,8.0,75,75,2509.0,3.0,5.0,10.8,118,25.0,3.2,34.9,C,0.9,0.9,2.2,6.8,12.8,14.0,0.57,SAS,29.1,3.3,0.0,0.0,1.0,0.0,0.0,0.0,0.0,0.0,0.0,0.0,0.0,0.0,0.0,0.0,0.0,0.0
Jarrett Allen,7.7,0.599,12.9,0.2,0.333,0.5,1.7,5.4,19,3.0,4.6,0.2,1.4,8.2,18.2,108,7.9,0.589,13.4,3.8,0.7759999999999999,5.0,72,31,1441.0,-1.3,4.9,10.5,119,17.5,5.0,19.8,C,0.9,0.9,2.8,15.1,13.1,14.3,0.636,BRK,16.3,0.8,1.0,0.0,0.0,0.0,0.0,0.0,0.0,0.0,0.0,0.0,0.0,0.0,0.0,0.0,0.0,0.0
Aron Baynes,7.0,0.487,14.3,0.1,0.14300000000000002,0.7,3.1,9.6,31,1.7,2.9,-1.7,2.1,10.2,22.1,103,7.1,0.471,15.0,2.0,0.7559999999999999,2.6,81,67,1485.0,-3.8,4.4,9.7,103,12.1,6.7,16.2,C,0.7,0.7,2.7,14.3,14.6,16.0,0.502,BOS,16.8,0.1,0.0,1.0,0.0,0.0,0.0,0.0,0.0,0.0,0.0,0.0,0.0,0.0,0.0,0.0,0.0,0.0
Jordan Bell,6.9,0.6409999999999999,10.8,0.0,0.0,0.2,6.1,16.9,23,3.3,5.5,3.7,3.7,8.8,19.0,103,6.9,0.627,11.0,1.8,0.682,2.6,57,13,809.0,0.0,3.6,8.9,121,18.0,5.5,15.6,C,2.1,2.1,3.0,20.0,12.3,14.3,0.6409999999999999,GSW,13.9,1.2,1.0,0.0,0.0,0.0,0.0,0.0,0.0,0.0,0.0,0.0,0.0,0.0,0.0,0.0,0.0,0.0
Khem Birch,5.8,0.54,10.7,0.0,0.0,0.0,2.9,8.5,25,1.8,2.9,0.3,1.4,9.3,21.1,108,5.8,0.54,10.7,3.6,0.6890000000000001,5.2,42,0,578.0,-1.1,5.9,13.2,123,16.4,4.7,15.1,C,1.3,1.3,1.8,12.1,15.2,17.1,0.5820000000000001,ORL,13.2,0.3,1.0,0.0,0.0,0.0,0.0,0.0,0.0,0.0,0.0,0.0,0.0,0.0,0.0,0.0,0.0,0.0
Bismack Biyombo,6.0,0.521,11.5,0.0,0.0,0.0,2.2,6.5,25,3.1,5.1,-1.6,2.1,10.6,24.0,107,6.0,0.52,11.5,3.3,0.65,5.1,82,25,1495.0,-3.7,4.7,10.5,108,14.1,5.2,15.3,C,0.7,0.7,2.8,16.6,15.3,17.2,0.556,ORL,14.9,0.2,1.0,0.0,0.0,0.0,0.0,0.0,0.0,0.0,0.0,0.0,0.0,0.0,0.0,0.0,0.0,0.0
Tarik Black,6.8,0.638,10.6,0.1,0.091,1.0,1.2,3.7,26,2.8,4.8,-1.0,2.1,9.2,20.9,102,6.9,0.591,11.7,2.7,0.46,5.8,51,2,536.0,-3.0,5.8,13.4,110,14.3,9.8,16.5,C,1.9,1.9,3.2,18.4,15.0,17.1,0.5820000000000001,HOU,15.6,0.1,1.0,0.0,0.0,0.0,0.0,0.0,0.0,0.0,0.0,0.0,0.0,0.0,0.0,0.0,0.0,0.0
Clint Capela,10.7,0.653,16.3,0.0,0.0,0.0,1.6,5.7,23,3.3,5.7,3.0,2.9,13.6,30.8,101,10.7,0.652,16.4,3.5,0.56,6.2,74,74,2034.0,0.1,5.8,13.5,126,24.5,4.5,24.8,C,1.4,1.4,2.5,11.5,19.4,22.2,0.65,HOU,19.4,2.6,1.0,0.0,0.0,0.0,0.0,0.0,0.0,0.0,0.0,0.0,0.0,0.0,0.0,0.0,0.0,0.0
Willie Cauley-Stein,9.5,0.506,18.8,0.1,0.25,0.3,4.3,13.7,24,1.7,3.1,0.4,1.7,9.4,22.0,108,9.6,0.502,19.1,3.8,0.619,6.1,73,58,2044.0,-1.3,3.2,7.0,106,17.6,4.6,23.1,C,1.9,1.9,2.7,11.0,12.6,14.2,0.529,SAC,21.8,1.2,0.0,0.0,1.0,0.0,0.0,0.0,0.0,0.0,0.0,0.0,0.0,0.0,0.0,0.0,0.0,0.0
Tyson Chandler,5.0,0.647,7.8,0.0,0.0,0.0,2.2,6.6,35,1.1,1.9,-0.3,1.0,11.8,26.8,111,5.0,0.647,7.8,2.4,0.624,3.9,46,46,1151.0,-1.3,5.6,12.2,122,14.2,4.4,12.5,C,0.7,0.7,2.5,20.5,17.4,19.4,0.6579999999999999,PHO,10.6,0.5,1.0,0.0,0.0,0.0,0.0,0.0,0.0,0.0,0.0,0.0,0.0,0.0,0.0,0.0,0.0,0.0
Zach Collins,3.8,0.455,8.4,1.7,0.31,5.4,2.5,7.1,20,1.5,2.4,-3.2,0.9,8.4,18.2,107,5.5,0.398,13.8,1.3,0.643,2.0,66,1,1045.0,-4.1,2.1,4.7,93,7.5,6.3,13.9,C,0.8,0.8,2.8,15.9,10.5,11.5,0.475,POR,15.4,-0.3,0.0,1.0,0.0,0.0,0.0,0.0,0.0,0.0,0.0,0.0,0.0,0.0,0.0,0.0,0.0,0.0
DeMarcus Cousins,8.3,0.53,15.7,2.9,0.354,8.1,7.1,23.0,27,2.1,3.5,5.5,3.6,14.1,30.9,102,11.2,0.47,23.7,8.1,0.746,10.8,48,48,1737.0,1.9,2.9,6.8,104,22.6,5.0,33.3,C,2.2,2.2,6.7,18.9,17.0,19.2,0.583,NOP,31.9,3.3,0.0,0.0,1.0,0.0,0.0,0.0,0.0,0.0,0.0,0.0,0.0,0.0,0.0,0.0,0.0,0.0
Deyonta Davis,8.6,0.608,14.2,0.0,0.0,0.0,2.1,7.1,21,2.1,3.9,-0.9,0.4,9.4,22.0,110,8.6,0.608,14.2,2.0,0.667,3.1,62,6,943.0,-1.3,4.0,9.0,122,16.6,6.7,19.3,C,0.8,0.8,1.7,9.9,13.4,15.3,0.621,MEM,15.3,0.3,1.0,0.0,0.0,0.0,0.0,0.0,0.0,0.0,0.0,0.0,0.0,0.0,0.0,0.0,0.0,0.0
Ed Davis,5.7,0.584,9.8,0.0,0.0,0.0,1.4,3.9,28,1.8,2.9,0.0,1.8,13.3,28.8,103,5.7,0.5820000000000001,9.9,2.5,0.667,3.8,78,0,1471.0,-1.8,6.2,13.7,121,15.5,6.4,14.0,C,1.1,1.1,2.2,16.2,19.4,21.3,0.607,POR,12.1,0.7,1.0,0.0,0.0,0.0,0.0,0.0,0.0,0.0,0.0,0.0,0.0,0.0,0.0,0.0,0.0,0.0
Dewayne Dedmon,6.3,0.595,10.6,1.6,0.355,4.5,2.9,9.2,28,1.6,2.8,0.5,1.6,12.3,28.1,107,7.9,0.524,15.1,2.1,0.779,2.7,62,46,1542.0,-1.0,3.2,7.2,111,15.8,5.1,19.5,C,1.3,1.3,2.7,14.3,15.5,17.7,0.599,ATL,17.0,1.0,0.0,1.0,0.0,0.0,0.0,0.0,0.0,0.0,0.0,0.0,0.0,0.0,0.0,0.0,0.0,0.0
Gorgui Dieng,6.3,0.511,12.3,0.7,0.311,2.3,2.7,7.5,28,1.5,2.6,-0.4,0.6,9.5,22.2,109,7.0,0.479,14.6,3.0,0.775,3.8,79,0,1333.0,-1.0,4.0,9.1,112,14.7,5.5,17.6,C,1.7,1.7,2.2,12.0,13.5,15.6,0.5429999999999999,MIN,16.3,0.5,0.0,1.0,0.0,0.0,0.0,0.0,0.0,0.0,0.0,0.0,0.0,0.0,0.0,0.0,0.0,0.0
Andre Drummond,8.9,0.536,16.5,0.0,0.0,0.2,4.5,14.3,24,2.4,4.3,5.5,5.3,16.1,36.4,99,8.9,0.529,16.7,4.5,0.605,7.5,78,78,2625.0,0.2,7.6,16.4,113,22.9,4.8,22.3,C,2.2,2.2,3.8,15.9,23.7,26.2,0.555,DET,21.2,5.0,0.0,0.0,1.0,0.0,0.0,0.0,0.0,0.0,0.0,0.0,0.0,0.0,0.0,0.0,0.0,0.0
Joel Embiid,11.2,0.527,21.2,1.7,0.308,5.4,5.0,18.0,23,2.8,4.8,2.6,2.5,13.8,29.7,100,12.8,0.483,26.6,9.0,0.769,11.7,63,63,1912.0,0.1,3.6,8.4,106,22.9,5.3,36.3,C,1.0,1.0,5.9,15.6,17.4,19.4,0.573,PHI,33.4,2.2,0.0,0.0,1.0,0.0,0.0,0.0,0.0,0.0,0.0,0.0,0.0,0.0,0.0,0.0,0.0,0.0
Derrick Favors,8.9,0.596,14.9,0.3,0.222,1.5,2.4,7.8,26,1.9,3.2,2.7,2.2,8.2,18.5,104,9.2,0.563,16.4,3.3,0.6509999999999999,5.0,77,77,2153.0,0.5,4.6,10.6,119,18.8,3.8,22.0,C,1.3,1.3,2.0,9.9,12.9,14.6,0.593,UTA,18.5,2.5,1.0,0.0,0.0,0.0,0.0,0.0,0.0,0.0,0.0,0.0,0.0,0.0,0.0,0.0,0.0,0.0
Cristiano Felicio,6.3,0.596,10.6,0.0,0.0,0.1,2.7,8.4,25,0.5,1.0,-2.4,-0.1,7.5,17.1,113,6.3,0.591,10.7,2.7,0.667,4.0,55,16,977.0,-2.3,4.1,8.8,114,12.5,5.2,15.4,C,0.8,0.8,2.7,17.7,11.6,12.8,0.614,CHI,13.6,-0.1,1.0,0.0,0.0,0.0,0.0,0.0,0.0,0.0,0.0,0.0,0.0,0.0,0.0,0.0,0.0,0.0
Channing Frye,4.6,0.67,6.8,2.7,0.339,8.1,2.7,7.9,34,0.9,1.6,-1.7,-1.0,8.6,19.4,111,7.3,0.491,14.9,1.2,0.895,1.3,53,1,695.0,-0.7,0.8,1.9,115,13.1,4.8,18.5,C,1.3,1.3,1.5,8.7,9.5,10.8,0.599,TOT,15.2,0.1,0.0,1.0,0.0,0.0,0.0,0.0,0.0,0.0,0.0,0.0,0.0,0.0,0.0,0.0,0.0,0.0
Marc Gasol,6.8,0.456,15.0,2.3,0.341,6.7,6.4,21.7,33,2.1,3.9,1.5,1.6,10.8,25.3,108,9.1,0.42,21.7,5.9,0.8340000000000001,7.1,73,73,2408.0,-0.1,1.6,3.7,104,17.4,3.9,26.4,C,1.1,1.1,4.1,14.1,12.4,14.2,0.532,MEM,25.6,2.1,0.0,0.0,1.0,0.0,0.0,0.0,0.0,0.0,0.0,0.0,0.0,0.0,0.0,0.0,0.0,0.0
Pau Gasol,6.8,0.481,14.1,1.2,0.358,3.3,6.6,20.1,37,2.2,3.6,3.2,3.3,13.7,30.2,102,8.0,0.458,17.5,4.4,0.7559999999999999,5.8,77,63,1812.0,-0.1,3.6,7.8,112,18.9,3.4,21.6,C,0.7,0.7,3.0,13.1,17.3,19.0,0.539,SAS,20.4,2.4,0.0,0.0,1.0,0.0,0.0,0.0,0.0,0.0,0.0,0.0,0.0,0.0,0.0,0.0,0.0,0.0
Rudy Gobert,7.6,0.622,12.3,0.0,0.0,0.0,2.2,6.9,25,3.6,6.0,4.3,4.6,12.0,27.0,99,7.6,0.622,12.3,5.6,0.682,8.3,56,56,1816.0,-0.3,4.6,10.4,122,20.7,4.2,20.9,C,1.2,1.2,3.0,15.7,16.6,18.8,0.657,UTA,16.9,2.9,1.0,0.0,0.0,0.0,0.0,0.0,0.0,0.0,0.0,0.0,0.0,0.0,0.0,0.0,0.0,0.0
Marcin Gortat,6.9,0.518,13.4,0.0,0.0,0.0,3.6,10.6,33,1.5,2.6,0.3,1.9,10.6,24.0,107,6.9,0.518,13.4,2.6,0.675,3.9,82,82,2075.0,-1.6,4.3,9.9,112,14.7,4.2,16.5,C,1.0,1.0,2.4,13.5,14.9,17.0,0.546,WAS,15.5,1.2,1.0,0.0,0.0,0.0,0.0,0.0,0.0,0.0,0.0,0.0,0.0,0.0,0.0,0.0,0.0,0.0
Montrezl Harrell,13.0,0.6409999999999999,20.3,0.0,0.14300000000000002,0.3,2.8,10.1,24,2.0,3.4,2.4,0.0,7.6,17.0,109,13.1,0.635,20.6,5.2,0.626,8.3,76,3,1293.0,2.4,3.9,8.9,124,24.7,5.4,31.4,C,1.4,1.4,2.6,9.5,11.5,13.0,0.647,LAC,23.8,1.5,0.0,0.0,1.0,0.0,0.0,0.0,0.0,0.0,0.0,0.0,0.0,0.0,0.0,0.0,0.0,0.0
John Henson,7.2,0.578,12.5,0.0,0.14300000000000002,0.2,2.9,8.6,27,2.8,4.7,0.4,1.8,9.2,21.5,108,7.3,0.5720000000000001,12.7,2.3,0.57,4.0,76,69,1970.0,-1.4,3.8,9.0,115,15.7,5.1,16.8,C,1.1,1.1,2.1,12.8,13.0,15.3,0.5820000000000001,MIL,15.0,1.2,1.0,0.0,0.0,0.0,0.0,0.0,0.0,0.0,0.0,0.0,0.0,0.0,0.0,0.0,0.0,0.0
Willy Hernangomez,8.5,0.5660000000000001,15.1,0.5,0.417,1.2,3.3,10.5,23,1.6,2.7,0.9,0.8,12.1,27.2,106,9.0,0.555,16.3,5.9,0.6559999999999999,8.9,48,1,495.0,0.1,6.1,13.3,117,21.2,6.4,24.4,C,1.8,1.8,3.5,14.7,18.2,20.2,0.604,TOT,21.0,0.4,0.0,0.0,1.0,0.0,0.0,0.0,0.0,0.0,0.0,0.0,0.0,0.0,0.0,0.0,0.0,0.0
Nene Hilario,8.8,0.574,15.4,0.0,0.0,0.1,2.9,9.5,35,0.9,1.6,-0.8,0.7,7.9,18.0,105,8.8,0.569,15.5,4.4,0.636,6.9,52,4,758.0,-1.5,3.5,8.1,117,16.4,8.0,22.1,C,1.8,1.8,2.5,11.7,11.4,13.1,0.594,HOU,18.9,0.2,1.0,0.0,0.0,0.0,0.0,0.0,0.0,0.0,0.0,0.0,0.0,0.0,0.0,0.0,0.0,0.0
Richaun Holmes,8.4,0.624,13.5,0.3,0.129,2.0,3.9,12.3,24,1.9,3.2,1.7,1.9,9.9,21.4,103,8.7,0.56,15.5,2.4,0.6609999999999999,3.6,48,2,746.0,-0.2,3.7,8.6,121,17.4,6.3,20.1,C,1.3,1.3,1.6,8.6,13.6,15.2,0.585,PHI,16.6,0.7,1.0,0.0,0.0,0.0,0.0,0.0,0.0,0.0,0.0,0.0,0.0,0.0,0.0,0.0,0.0,0.0
Al Horford,5.9,0.514,11.6,2.1,0.429,5.0,7.4,23.6,31,1.7,2.9,4.0,2.9,9.4,20.2,103,8.1,0.489,16.5,2.1,0.7829999999999999,2.6,72,72,2277.0,1.1,2.3,5.0,115,17.6,3.0,20.3,C,0.9,0.9,2.9,14.1,11.6,12.7,0.575,BOS,18.4,3.5,0.0,1.0,0.0,0.0,0.0,0.0,0.0,0.0,0.0,0.0,0.0,0.0,0.0,0.0,0.0,0.0
Dwight Howard,10.0,0.5589999999999999,17.9,0.0,0.14300000000000002,0.1,2.1,7.1,32,2.6,4.4,-0.3,1.7,15.0,33.8,104,10.0,0.555,18.0,6.6,0.574,11.5,81,81,2463.0,-2.0,5.0,11.0,108,20.5,4.9,26.7,C,1.0,1.0,4.1,15.1,20.0,22.2,0.5770000000000001,CHO,24.2,1.1,0.0,0.0,1.0,0.0,0.0,0.0,0.0,0.0,0.0,0.0,0.0,0.0,0.0,0.0,0.0,0.0
Amir Johnson,5.3,0.57,9.4,0.4,0.313,1.3,4.8,13.9,30,1.8,3.1,2.9,3.1,8.5,18.3,103,5.8,0.5379999999999999,10.7,2.1,0.612,3.5,74,18,1171.0,-0.2,5.1,11.8,121,14.8,7.9,14.0,C,1.8,1.8,2.3,15.6,13.6,15.2,0.575,PHI,12.8,1.5,1.0,0.0,0.0,0.0,0.0,0.0,0.0,0.0,0.0,0.0,0.0,0.0,0.0,0.0,0.0,0.0
Nikola Jokic,8.0,0.5379999999999999,14.8,2.3,0.396,5.7,9.3,29.6,22,1.2,2.1,7.1,2.3,12.3,27.9,107,10.2,0.499,20.5,5.4,0.85,6.4,75,73,2443.0,4.8,4.0,9.0,121,24.4,4.3,28.1,C,1.8,1.8,4.3,15.5,16.3,18.5,0.603,DEN,24.2,5.6,0.0,0.0,1.0,0.0,0.0,0.0,0.0,0.0,0.0,0.0,0.0,0.0,0.0,0.0,0.0,0.0
DeAndre Jordan,7.5,0.645,11.6,0.0,0.0,0.0,2.3,7.1,29,1.4,2.4,2.1,1.6,16.9,37.6,105,7.5,0.645,11.6,3.6,0.58,6.3,77,77,2424.0,0.5,6.6,15.1,125,20.2,4.1,18.6,C,0.8,0.8,2.7,16.1,23.5,26.5,0.648,LAC,15.2,2.5,1.0,0.0,0.0,0.0,0.0,0.0,0.0,0.0,0.0,0.0,0.0,0.0,0.0,0.0,0.0,0.0
Enes Kanter,11.4,0.594,19.3,0.0,0.0,0.1,2.8,9.4,25,1.0,1.7,2.5,0.1,13.7,30.6,108,11.4,0.5920000000000001,19.3,4.2,0.848,5.0,71,71,1830.0,2.4,7.4,16.6,122,24.0,5.1,27.1,C,1.0,1.0,3.3,13.3,21.1,23.6,0.63,NYK,21.8,2.1,0.0,0.0,1.0,0.0,0.0,0.0,0.0,0.0,0.0,0.0,0.0,0.0,0.0,0.0,0.0,0.0
Kosta Koufos,8.1,0.5710000000000001,14.1,0.0,0.0,0.0,3.2,9.7,28,1.2,2.2,0.5,1.4,11.7,27.6,108,8.1,0.5710000000000001,14.1,1.2,0.446,2.7,71,13,1391.0,-0.8,5.4,11.7,117,17.5,5.3,17.3,C,1.7,1.7,1.8,10.4,17.2,19.3,0.5660000000000001,SAC,15.2,0.9,1.0,0.0,0.0,0.0,0.0,0.0,0.0,0.0,0.0,0.0,0.0,0.0,0.0,0.0,0.0,0.0
Joffrey Lauvergne,9.3,0.53,17.5,0.0,0.0,0.5,3.9,12.2,26,0.3,0.5,-1.6,-0.1,10.2,22.6,106,9.3,0.516,18.0,2.8,0.638,4.4,55,1,534.0,-1.4,6.0,13.0,109,16.5,4.3,21.4,C,0.9,0.9,3.1,13.5,16.2,17.8,0.536,SAS,20.4,0.1,1.0,0.0,0.0,0.0,0.0,0.0,0.0,0.0,0.0,0.0,0.0,0.0,0.0,0.0,0.0,0.0
Alex Len,7.3,0.568,12.9,0.0,0.333,0.1,2.8,9.1,24,2.1,3.5,0.8,1.1,11.8,26.7,110,7.3,0.5660000000000001,13.0,5.4,0.684,7.9,69,13,1395.0,-0.3,6.0,13.2,121,19.4,5.4,20.1,C,0.9,0.9,2.7,14.0,17.8,19.8,0.612,PHO,17.0,1.0,1.0,0.0,0.0,0.0,0.0,0.0,0.0,0.0,0.0,0.0,0.0,0.0,0.0,0.0,0.0,0.0
Kevon Looney,5.9,0.59,10.0,0.1,0.2,0.3,2.2,6.0,21,3.0,4.9,1.2,2.1,7.0,15.2,106,5.9,0.58,10.2,2.2,0.545,4.1,66,4,910.0,-0.9,4.4,11.0,121,14.8,5.6,14.1,C,1.8,1.8,1.6,12.0,11.4,13.2,0.588,GSW,12.5,0.7,1.0,0.0,0.0,0.0,0.0,0.0,0.0,0.0,0.0,0.0,0.0,0.0,0.0,0.0,0.0,0.0
Brook Lopez,7.1,0.5489999999999999,12.9,3.1,0.345,9.0,3.5,11.6,29,2.7,4.6,0.5,0.2,6.1,13.4,108,10.2,0.465,21.9,3.1,0.703,4.4,74,72,1735.0,0.3,2.0,4.6,108,16.4,5.4,26.5,C,0.8,0.8,2.7,10.2,8.1,9.0,0.557,LAL,23.5,1.1,0.0,1.0,0.0,0.0,0.0,0.0,0.0,0.0,0.0,0.0,0.0,0.0,0.0,0.0,0.0,0.0
Robin Lopez,9.8,0.536,18.2,0.1,0.28600000000000003,0.4,3.6,12.3,29,1.5,2.8,-1.9,-0.3,4.5,10.3,114,9.9,0.53,18.6,2.0,0.7559999999999999,2.6,64,64,1690.0,-1.7,3.9,8.2,106,14.7,3.1,21.8,C,0.4,0.4,3.1,13.5,8.4,9.2,0.552,CHI,20.4,0.0,0.0,1.0,0.0,0.0,0.0,0.0,0.0,0.0,0.0,0.0,0.0,0.0,0.0,0.0,0.0,0.0
Kevin Love,5.8,0.494,11.8,4.1,0.415,9.8,3.1,9.8,29,0.7,1.2,1.3,-1.5,13.2,29.8,109,9.9,0.458,21.6,6.9,0.88,7.9,59,59,1651.0,2.7,3.0,7.0,120,22.4,3.6,30.8,C,1.3,1.3,2.7,9.6,16.2,18.6,0.614,CLE,25.1,1.4,0.0,0.0,1.0,0.0,0.0,0.0,0.0,0.0,0.0,0.0,0.0,0.0,0.0,0.0,0.0,0.0
Ian Mahinmi,6.0,0.561,10.7,0.0,0.0,0.1,2.3,6.6,31,1.8,3.2,-0.7,1.6,7.7,17.4,107,6.0,0.556,10.8,3.9,0.703,5.6,77,0,1145.0,-2.3,5.9,13.4,107,12.2,10.0,15.9,C,1.6,1.6,4.3,24.7,13.5,15.4,0.601,WAS,15.6,0.4,1.0,0.0,0.0,0.0,0.0,0.0,0.0,0.0,0.0,0.0,0.0,0.0,0.0,0.0,0.0,0.0
Thon Maker,4.0,0.467,8.5,1.2,0.298,4.2,1.9,5.2,20,2.1,3.7,-2.7,0.0,6.0,14.2,110,5.2,0.411,12.7,2.6,0.6990000000000001,3.7,74,12,1238.0,-2.7,3.0,7.1,103,10.2,6.5,14.3,C,1.5,1.5,1.8,11.0,9.1,10.6,0.499,MIL,14.6,-0.2,0.0,1.0,0.0,0.0,0.0,0.0,0.0,0.0,0.0,0.0,0.0,0.0,0.0,0.0,0.0,0.0
JaVale McGee,10.7,0.638,16.7,0.0,0.0,0.5,2.6,8.0,30,4.5,7.3,2.6,2.1,8.6,18.7,103,10.7,0.621,17.2,3.0,0.731,4.1,65,17,615.0,0.4,4.6,11.5,124,22.3,7.1,24.3,C,1.6,1.6,2.1,10.0,13.2,15.4,0.6409999999999999,GSW,19.2,0.7,1.0,0.0,0.0,0.0,0.0,0.0,0.0,0.0,0.0,0.0,0.0,0.0,0.0,0.0,0.0,0.0
Salah Mejri,6.1,0.657,9.2,0.0,0.0,0.2,2.4,7.2,31,4.6,8.2,3.1,5.3,11.1,25.4,102,6.1,0.642,9.4,2.6,0.5760000000000001,4.5,61,1,729.0,-2.2,5.9,12.5,122,17.8,8.3,14.7,C,1.5,1.5,2.7,19.0,16.9,18.7,0.644,DAL,12.8,0.9,1.0,0.0,0.0,0.0,0.0,0.0,0.0,0.0,0.0,0.0,0.0,0.0,0.0,0.0,0.0,0.0
Greg Monroe,10.3,0.565,18.2,0.0,0.0,0.0,5.4,18.7,27,1.1,1.8,2.4,2.3,11.4,25.2,105,10.3,0.565,18.2,4.1,0.7390000000000001,5.6,51,14,1040.0,0.1,5.1,11.4,112,21.2,4.5,24.7,C,2.1,2.1,4.4,17.7,16.5,18.3,0.598,TOT,22.4,1.2,0.0,0.0,1.0,0.0,0.0,0.0,0.0,0.0,0.0,0.0,0.0,0.0,0.0,0.0,0.0,0.0
Mike Muscala,3.7,0.5589999999999999,6.7,2.9,0.371,7.7,2.3,7.3,26,1.2,2.2,0.2,0.2,8.0,18.3,110,6.6,0.458,14.4,2.6,0.919,2.9,53,7,1060.0,0.0,2.6,5.9,115,14.4,3.7,18.7,C,1.4,1.4,1.9,11.0,10.6,12.1,0.597,ATL,15.7,0.6,0.0,1.0,0.0,0.0,0.0,0.0,0.0,0.0,0.0,0.0,0.0,0.0,0.0,0.0,0.0,0.0
Larry Nance,8.1,0.594,13.6,0.1,0.16699999999999998,0.4,2.8,8.6,25,1.3,2.2,3.3,2.4,9.9,22.0,104,8.1,0.581,14.0,3.1,0.664,4.7,66,27,1421.0,0.9,5.5,12.4,125,20.2,5.8,19.4,C,3.0,3.0,1.7,9.7,15.3,17.3,0.605,TOT,15.9,1.9,1.0,0.0,0.0,0.0,0.0,0.0,0.0,0.0,0.0,0.0,0.0,0.0,0.0,0.0,0.0,0.0
Lucas Nogueira,5.2,0.721,7.2,0.6,0.263,2.2,2.6,7.2,25,5.1,8.2,5.4,6.2,8.1,18.1,98,5.8,0.613,9.4,2.2,0.679,3.3,49,3,418.0,-0.7,2.1,4.9,123,17.3,5.8,14.4,C,2.7,2.7,1.9,14.8,10.3,11.7,0.6609999999999999,TOR,11.4,0.8,1.0,0.0,0.0,0.0,0.0,0.0,0.0,0.0,0.0,0.0,0.0,0.0,0.0,0.0,0.0,0.0
Dirk Nowitzki,5.5,0.494,11.1,3.6,0.409,8.9,3.2,10.4,39,1.2,2.1,0.3,0.3,11.0,25.2,108,9.1,0.456,20.0,2.6,0.898,2.9,77,77,1900.0,0.1,0.6,1.2,112,16.7,3.9,24.5,C,1.1,1.1,1.3,6.0,11.6,12.8,0.575,DAL,20.5,1.1,0.0,1.0,0.0,0.0,0.0,0.0,0.0,0.0,0.0,0.0,0.0,0.0,0.0,0.0,0.0,0.0
Jusuf Nurkic,11.4,0.508,22.5,0.0,0.0,0.2,3.4,11.7,23,2.6,4.3,0.3,2.8,12.4,26.9,101,11.4,0.505,22.7,4.1,0.63,6.5,79,79,2088.0,-2.6,4.5,10.0,102,19.2,5.9,27.0,C,1.5,1.5,4.4,14.6,16.9,18.5,0.528,POR,26.4,1.2,0.0,0.0,1.0,0.0,0.0,0.0,0.0,0.0,0.0,0.0,0.0,0.0,0.0,0.0,0.0,0.0
Kyle O'Quinn,7.9,0.599,13.1,0.1,0.235,0.6,5.6,16.8,27,3.5,6.1,4.5,4.3,12.5,27.8,105,8.0,0.583,13.7,3.5,0.772,4.5,77,10,1387.0,0.2,4.3,9.7,118,20.0,6.9,19.7,C,1.3,1.3,3.6,18.5,16.8,18.8,0.625,NYK,17.0,2.3,1.0,0.0,0.0,0.0,0.0,0.0,0.0,0.0,0.0,0.0,0.0,0.0,0.0,0.0,0.0,0.0
Zaza Pachulia,7.4,0.5670000000000001,13.0,0.0,0.0,0.0,5.4,15.2,33,0.8,1.4,0.8,1.3,11.5,25.0,105,7.4,0.564,13.1,3.7,0.8059999999999999,4.6,69,57,972.0,-0.5,4.4,11.0,117,17.0,6.0,18.5,C,1.9,1.9,3.6,19.1,15.9,18.5,0.612,GSW,17.0,0.7,1.0,0.0,0.0,0.0,0.0,0.0,0.0,0.0,0.0,0.0,0.0,0.0,0.0,0.0,0.0,0.0
Mason Plumlee,7.6,0.602,12.6,0.0,0.0,0.0,4.9,14.4,27,2.8,4.7,1.8,2.7,9.2,20.9,107,7.6,0.601,12.7,2.8,0.458,6.2,74,26,1439.0,-0.9,4.5,10.4,112,16.9,6.3,18.1,C,1.7,1.7,3.5,18.7,13.8,15.6,0.586,DEN,16.6,1.4,1.0,0.0,0.0,0.0,0.0,0.0,0.0,0.0,0.0,0.0,0.0,0.0,0.0,0.0,0.0,0.0
Miles Plumlee,5.6,0.583,9.6,0.0,0.0,0.0,2.4,7.2,29,1.6,2.8,-2.5,1.3,8.0,18.3,111,5.6,0.583,9.6,1.4,0.45,3.2,55,35,918.0,-3.8,4.1,9.4,102,10.6,4.2,12.6,C,0.9,0.9,3.4,23.4,12.1,13.9,0.574,ATL,12.8,-0.1,1.0,0.0,0.0,0.0,0.0,0.0,0.0,0.0,0.0,0.0,0.0,0.0,0.0,0.0,0.0,0.0
Jakob Poeltl,8.2,0.66,12.4,0.0,0.5,0.1,1.8,5.4,22,3.2,5.2,3.3,2.9,7.4,16.4,104,8.2,0.659,12.4,1.9,0.594,3.3,82,0,1524.0,0.4,5.3,12.4,122,17.5,6.9,18.3,C,1.3,1.3,2.7,16.6,12.7,14.4,0.662,TOR,14.8,2.0,1.0,0.0,0.0,0.0,0.0,0.0,0.0,0.0,0.0,0.0,0.0,0.0,0.0,0.0,0.0,0.0
Dwight Powell,6.8,0.6559999999999999,10.4,0.8,0.333,2.5,2.7,8.5,26,1.0,1.7,2.7,1.6,9.3,21.3,107,7.7,0.593,12.9,4.0,0.7190000000000001,5.6,79,25,1672.0,1.1,4.1,8.7,129,18.8,5.6,20.1,C,2.0,2.0,1.8,10.3,13.3,14.7,0.6559999999999999,DAL,15.5,2.0,1.0,0.0,0.0,0.0,0.0,0.0,0.0,0.0,0.0,0.0,0.0,0.0,0.0,0.0,0.0,0.0
Julius Randle,10.8,0.575,18.8,0.2,0.222,1.0,4.6,15.8,23,1.0,1.7,0.9,0.6,10.3,22.8,107,11.0,0.5579999999999999,19.7,6.7,0.718,9.3,82,49,2190.0,0.4,4.0,8.9,112,19.9,6.0,28.9,C,0.9,0.9,4.7,16.3,14.3,15.9,0.606,LAL,25.3,1.6,0.0,0.0,1.0,0.0,0.0,0.0,0.0,0.0,0.0,0.0,0.0,0.0,0.0,0.0,0.0,0.0
Willie Reed,9.1,0.672,13.5,0.1,0.5,0.2,1.1,3.6,27,2.5,4.3,-0.9,-0.1,9.8,21.8,108,9.2,0.669,13.8,3.6,0.5820000000000001,6.3,42,5,428.0,-0.8,4.0,9.1,125,19.2,6.4,22.2,C,1.0,1.0,2.2,11.6,13.8,15.5,0.6709999999999999,TOT,16.6,0.1,1.0,0.0,0.0,0.0,0.0,0.0,0.0,0.0,0.0,0.0,0.0,0.0,0.0,0.0,0.0,0.0
Domantas Sabonis,9.0,0.524,17.2,0.4,0.35100000000000003,1.0,4.2,12.7,21,0.9,1.6,-0.2,0.5,11.2,25.2,107,9.4,0.514,18.3,4.6,0.75,6.2,74,19,1810.0,-0.8,4.6,10.4,110,17.5,6.1,23.8,C,1.1,1.1,3.8,15.3,15.8,17.8,0.5670000000000001,IND,22.1,0.8,0.0,0.0,1.0,0.0,0.0,0.0,0.0,0.0,0.0,0.0,0.0,0.0,0.0,0.0,0.0,0.0
Marreese Speights,3.8,0.448,8.4,6.2,0.369,16.9,2.9,9.8,30,1.6,2.6,-2.8,-2.9,8.1,18.4,111,10.0,0.395,25.3,2.9,0.727,4.0,52,3,675.0,0.2,1.5,3.4,101,13.7,7.7,29.2,C,0.6,0.6,2.9,9.7,9.6,10.8,0.539,ORL,26.9,-0.1,0.0,1.0,0.0,0.0,0.0,0.0,0.0,0.0,0.0,0.0,0.0,0.0,0.0,0.0,0.0,0.0
Daniel Theis,5.8,0.617,9.3,1.0,0.31,3.1,3.0,9.1,25,2.6,4.3,2.6,3.4,9.8,21.2,100,6.7,0.541,12.4,3.3,0.753,4.3,63,3,936.0,-0.8,4.8,10.7,117,16.1,8.4,17.7,C,1.6,1.6,3.0,17.2,14.6,16.0,0.616,BOS,15.5,1.1,1.0,0.0,0.0,0.0,0.0,0.0,0.0,0.0,0.0,0.0,0.0,0.0,0.0,0.0,0.0,0.0
Tristan Thompson,6.0,0.562,10.7,0.0,0.0,0.0,1.5,4.3,26,0.8,1.3,-2.5,-0.9,10.3,23.3,112,6.0,0.562,10.7,2.0,0.544,3.6,53,22,1072.0,-1.6,5.8,13.4,120,13.6,4.7,14.0,C,0.7,0.7,1.6,11.8,16.1,18.4,0.569,CLE,12.6,-0.1,1.0,0.0,0.0,0.0,0.0,0.0,0.0,0.0,0.0,0.0,0.0,0.0,0.0,0.0,0.0,0.0
Karl-Anthony Towns,8.9,0.585,15.2,2.1,0.421,4.9,3.4,10.8,22,2.0,3.5,5.5,1.1,13.3,30.9,107,11.0,0.545,20.1,5.9,0.858,6.9,82,82,2918.0,4.4,4.1,9.3,127,24.9,4.9,29.9,C,1.1,1.1,2.7,10.5,17.3,20.0,0.6459999999999999,MIN,22.9,5.5,0.0,0.0,1.0,0.0,0.0,0.0,0.0,0.0,0.0,0.0,0.0,0.0,0.0,0.0,0.0,0.0
Myles Turner,6.8,0.519,13.1,1.5,0.35700000000000004,4.3,2.4,7.0,21,3.2,5.7,0.7,1.8,8.8,19.8,106,8.3,0.479,17.4,4.4,0.777,5.6,65,62,1836.0,-1.1,2.5,5.8,110,16.6,5.1,22.5,C,1.0,1.0,2.6,11.6,11.4,12.8,0.5670000000000001,IND,20.0,1.3,0.0,1.0,0.0,0.0,0.0,0.0,0.0,0.0,0.0,0.0,0.0,0.0,0.0,0.0,0.0,0.0
Ekpe Udoh,3.7,0.504,7.4,0.0,0.0,0.1,3.3,9.1,30,4.6,7.7,5.7,6.8,5.1,11.4,98,3.7,0.5,7.4,2.6,0.75,3.5,63,3,810.0,-1.1,4.2,9.6,126,15.2,6.5,10.0,C,2.7,2.7,1.2,12.1,9.3,10.5,0.56,UTA,9.1,1.6,1.0,0.0,0.0,0.0,0.0,0.0,0.0,0.0,0.0,0.0,0.0,0.0,0.0,0.0,0.0,0.0
Jonas Valanciunas,10.3,0.5870000000000001,17.5,0.9,0.405,2.1,2.3,7.5,25,2.0,3.2,1.5,0.8,13.6,30.3,103,11.1,0.568,19.6,4.9,0.8059999999999999,6.0,77,77,1727.0,0.7,5.2,12.1,120,22.5,5.5,28.0,C,0.8,0.8,3.3,12.9,18.8,21.4,0.628,TOR,22.7,1.5,0.0,0.0,1.0,0.0,0.0,0.0,0.0,0.0,0.0,0.0,0.0,0.0,0.0,0.0,0.0,0.0
Nikola Vucevic,9.7,0.527,18.5,1.9,0.314,5.9,5.6,19.9,27,1.8,3.0,2.7,2.1,12.3,27.8,106,11.6,0.475,24.4,2.2,0.8190000000000001,2.7,57,57,1683.0,0.6,2.9,6.6,105,19.7,4.2,27.3,C,1.6,1.6,3.2,11.0,15.2,17.1,0.5329999999999999,ORL,25.9,2.0,0.0,0.0,1.0,0.0,0.0,0.0,0.0,0.0,0.0,0.0,0.0,0.0,0.0,0.0,0.0,0.0
David West,10.3,0.5760000000000001,17.8,0.1,0.375,0.4,6.7,20.5,37,3.6,5.9,3.0,3.2,8.4,18.2,103,10.4,0.5710000000000001,18.2,2.9,0.759,3.8,73,0,999.0,-0.2,3.1,7.7,113,20.9,5.8,23.9,C,2.3,2.3,3.9,16.2,11.5,13.3,0.6,GSW,21.7,1.3,0.0,0.0,1.0,0.0,0.0,0.0,0.0,0.0,0.0,0.0,0.0,0.0,0.0,0.0,0.0,0.0
Hassan Whiteside,11.4,0.5379999999999999,21.2,0.1,1.0,0.1,2.0,6.9,28,3.5,5.9,0.2,2.3,16.3,36.6,99,11.5,0.54,21.3,4.7,0.703,6.7,54,54,1364.0,-2.1,6.4,14.3,111,24.1,4.8,27.8,C,1.4,1.4,3.4,12.3,22.7,25.4,0.573,MIA,24.7,0.8,0.0,0.0,1.0,0.0,0.0,0.0,0.0,0.0,0.0,0.0,0.0,0.0,0.0,0.0,0.0,0.0
Tyler Zeller,7.8,0.578,13.5,0.4,0.35700000000000004,1.2,2.1,6.7,28,1.5,2.5,-1.6,-0.5,8.6,19.4,111,8.3,0.56,14.8,2.5,0.722,3.5,66,34,1109.0,-1.1,4.9,11.0,118,16.0,5.6,19.5,C,0.7,0.7,2.1,11.3,13.5,15.2,0.598,TOT,16.4,0.1,1.0,0.0,0.0,0.0,0.0,0.0,0.0,0.0,0.0,0.0,0.0,0.0,0.0,0.0,0.0,0.0
Ivica Zubac,7.1,0.504,14.1,0.0,0.0,0.1,2.9,8.8,20,1.8,3.0,-2.2,0.5,9.1,20.1,107,7.1,0.5,14.2,4.6,0.765,6.0,43,0,410.0,-2.7,5.3,11.8,111,15.3,5.5,18.8,C,0.9,0.9,3.0,15.3,14.4,16.0,0.557,LAL,17.6,0.0,1.0,0.0,0.0,0.0,0.0,0.0,0.0,0.0,0.0,0.0,0.0,0.0,0.0,0.0,0.0,0.0
