Name,2P,2P%,2PA,3P,3P%,3PA,AST,Age,BLK,DRB,DRtg,FG,FG%,FGA,FT,FT%,FTA,G,GS,MP,ORB,ORtg,PF,PTS,Pos,STL,TOV,TRB,Tm,AST%,BLK%,BPM,DBPM,DRB%,OBPM,ORB%,PER,STL%,TOV%,TRB%,TS%,USG%,VORP
Alex Abrines,1.4,.443,3.1,3.7,.380,9.7,1.2,24,0.4,3.9,110,5.0,.395,12.7,1.7,.848,2.0,75,8,1134.0,1.1,116,5.4,15.4,SG,1.7,1.1,5.0,OKC,3.4,0.6,-2.2,-1.7,8.9,-0.5,2.5,9.0,1.7,7.4,5.6,.567,12.7,-0.1
Quincy Acy,1.0,.384,2.6,3.6,.349,10.4,2.0,27,1.0,7.8,110,4.6,.356,13.0,1.8,.817,2.1,70,8,1359.0,1.4,99,5.3,14.7,PF,1.2,2.1,9.2,BRK,6.0,1.6,-2.2,-0.2,17.0,-2.0,3.1,8.2,1.2,13.3,10.0,.525,14.4,-0.1
Steven Adams,8.9,.631,14.2,0.0,.000,0.0,1.8,24,1.6,6.0,107,8.9,.629,14.2,3.2,.559,5.7,76,76,2487.0,7.7,125,4.3,21.1,C,1.8,2.6,13.7,OKC,5.5,2.8,3.3,1.1,13.9,2.2,16.6,20.6,1.8,13.2,15.3,.630,16.7,3.3
Bam Adebayo,6.4,.523,12.2,0.0,.000,0.3,3.7,20,1.5,9.7,105,6.4,.512,12.5,4.7,.721,6.6,69,19,1368.0,4.3,116,5.1,17.5,C,1.2,2.4,14.0,MIA,11.0,2.5,0.2,1.8,21.6,-1.6,9.7,15.7,1.2,13.6,15.6,.570,15.9,0.8
Arron Afflalo,2.7,.413,6.6,1.9,.386,5.0,2.2,32,0.6,4.5,115,4.7,.401,11.6,1.6,.846,1.9,53,3,682.0,0.3,98,4.0,12.8,SG,0.3,1.5,4.7,ORL,6.2,1.1,-5.8,-1.8,10.1,-4.1,0.6,5.8,0.3,10.8,5.3,.516,12.5,-0.7
LaMarcus Aldridge,13.3,.526,25.3,0.5,.293,1.9,3.1,32,1.8,7.8,105,13.8,.510,27.1,6.7,.837,8.0,75,75,2509.0,5.0,118,3.2,34.9,C,0.9,2.2,12.8,SAS,11.3,3.0,3.3,0.3,17.3,3.0,10.8,25.0,0.9,6.8,14.0,.570,29.1,3.3
Jarrett Allen,7.7,.599,12.9,0.2,.333,0.5,1.7,19,3.0,8.2,108,7.9,.589,13.4,3.8,.776,5.0,72,31,1441.0,4.9,119,5.0,19.8,C,0.9,2.8,13.1,BRK,5.4,4.6,0.2,1.4,18.2,-1.3,10.5,17.5,0.9,15.1,14.3,.636,16.3,0.8
Al-Farouq Aminu,2.5,.432,5.8,3.0,.369,8.1,2.0,27,1.0,10.3,104,5.5,.395,14.0,1.4,.738,1.9,69,67,2072.0,2.3,105,3.3,15.5,PF,1.9,1.9,12.6,POR,5.8,1.6,1.1,1.9,22.3,-0.8,5.2,12.0,1.9,11.3,13.8,.522,14.8,1.6
Justin Anderson,4.9,.535,9.2,3.2,.330,9.5,2.3,24,0.6,6.3,107,8.1,.431,18.7,2.6,.737,3.5,38,0,519.0,2.3,110,5.0,21.9,SF,1.4,1.5,8.6,PHI,7.1,1.1,-2.0,-1.5,13.6,-0.5,5.4,13.0,1.4,6.8,9.6,.540,19.3,0.0
Kyle Anderson,5.4,.556,9.7,0.5,.333,1.5,5.2,24,1.5,8.0,101,5.9,.527,11.2,2.7,.712,3.7,74,67,1978.0,2.1,114,2.9,14.9,SF,2.9,2.4,10.1,SAS,14.7,2.5,4.1,4.3,17.6,-0.3,4.7,15.9,2.9,15.8,11.1,.582,13.5,3.0
Ryan Anderson,2.2,.539,4.0,3.7,.386,9.7,1.7,29,0.6,6.8,109,5.9,.431,13.7,2.1,.774,2.7,66,50,1725.0,2.7,121,3.6,17.6,PF,0.7,1.2,9.4,HOU,5.1,1.0,0.2,-0.8,15.4,1.0,6.2,12.6,0.7,7.5,10.8,.592,14.4,1.0
Giannis Antetokounmpo,12.6,.554,22.8,0.8,.307,2.5,6.5,23,1.9,10.8,106,13.4,.529,25.4,8.8,.760,11.6,75,75,2756.0,2.8,116,4.2,36.4,PF,2.0,4.0,13.6,MIL,23.7,3.3,5.8,1.9,25.3,3.9,6.7,27.3,2.0,11.7,16.0,.598,31.2,5.4
Carmelo Anthony,6.0,.437,13.8,3.4,.357,9.4,2.0,33,1.0,7.7,109,9.4,.404,23.2,2.9,.767,3.8,78,78,2501.0,1.3,104,3.9,25.0,PF,0.9,2.0,9.0,OKC,6.5,1.8,-3.8,-1.9,17.7,-1.9,2.9,12.7,0.9,7.3,10.0,.503,23.2,-1.1
OG Anunoby,3.0,.604,5.0,2.4,.371,6.6,1.8,20,0.5,4.7,108,5.4,.471,11.5,1.3,.629,2.1,74,62,1481.0,1.5,113,4.3,14.6,SF,1.7,1.5,6.1,TOR,5.0,0.8,0.6,0.4,10.4,0.2,3.4,10.0,1.7,10.8,7.0,.587,12.4,1.0
Trevor Ariza,2.1,.519,4.1,3.7,.368,10.0,2.3,32,0.3,5.7,107,5.8,.412,14.1,1.6,.854,1.9,67,67,2269.0,0.7,114,2.9,17.0,SF,2.1,1.1,6.4,HOU,6.8,0.5,1.5,0.7,12.9,0.8,1.7,11.8,2.1,7.0,7.3,.567,14.4,2.0
D.J. Augustin,3.6,.485,7.5,3.2,.419,7.6,8.0,30,0.0,3.6,113,6.8,.452,15.0,4.6,.868,5.3,75,36,1760.0,0.8,116,2.6,21.3,PG,1.5,3.4,4.5,ORL,24.4,0.0,-0.9,-2.5,8.2,1.5,1.9,15.4,1.5,16.5,5.0,.615,18.6,0.5
Luke Babbitt,2.1,.525,4.1,4.1,.385,10.7,2.1,28,0.5,6.1,113,6.3,.423,14.8,1.2,.773,1.5,50,14,715.0,0.5,109,3.7,17.8,SF,0.5,1.3,6.6,TOT,6.5,0.8,-3.2,-2.2,13.9,-1.0,1.1,9.8,0.5,7.8,7.5,.576,15.0,-0.2
Dwayne Bacon,4.2,.409,10.2,0.8,.256,2.9,2.6,22,0.1,8.2,111,4.9,.375,13.1,1.4,.800,1.7,53,6,713.0,0.3,88,3.1,12.0,SG,1.1,1.6,8.5,CHO,7.5,0.2,-5.7,-0.3,18.5,-5.4,0.6,5.8,1.1,10.2,9.4,.431,13.7,-0.7
Lonzo Ball,3.0,.420,7.2,2.4,.305,7.9,10.1,20,1.2,7.8,106,5.5,.360,15.2,0.9,.451,1.9,52,50,1780.0,1.9,97,3.1,14.2,PG,2.4,3.7,9.7,LAL,29.2,2.0,1.7,2.5,17.3,-0.8,4.2,12.5,2.4,18.6,10.8,.444,17.4,1.7
J.J. Barea,5.9,.499,11.8,3.6,.367,9.8,13.6,33,0.1,5.8,112,9.5,.439,21.6,2.5,.784,3.2,69,10,1603.0,0.5,109,2.6,25.1,PG,1.1,4.5,6.3,DAL,45.1,0.2,0.1,-2.3,13.4,2.4,1.0,17.8,1.1,16.3,7.0,.545,24.9,0.8
Harrison Barnes,8.0,.478,16.7,2.3,.357,6.3,2.9,25,0.3,7.5,111,10.2,.445,23.0,4.9,.827,6.0,77,77,2634.0,1.5,105,1.8,27.7,PF,0.9,2.2,8.9,DAL,9.9,0.5,-2.1,-1.4,17.1,-0.7,3.1,15.8,0.9,8.1,9.9,.539,25.2,-0.1
Will Barton,5.7,.510,11.2,2.9,.370,7.8,6.1,27,1.0,6.3,112,8.6,.452,19.0,3.4,.805,4.2,81,40,2683.0,1.3,113,3.1,23.4,SG,1.5,2.8,7.6,DEN,18.5,1.6,1.0,-0.6,14.2,1.6,3.0,16.2,1.5,11.7,8.6,.562,20.7,2.0
Nicolas Batum,4.4,.473,9.3,2.3,.336,6.7,8.6,29,0.6,6.1,110,6.6,.415,16.0,2.7,.831,3.2,64,64,1981.0,1.4,107,1.8,18.2,SG,1.6,3.2,7.5,CHO,26.2,1.0,1.4,0.5,13.8,0.9,3.1,14.4,1.6,15.6,8.4,.523,18.3,1.7
Jerryd Bayless,2.9,.474,6.0,2.8,.370,7.6,2.8,29,0.3,3.4,109,5.7,.416,13.6,1.8,.795,2.3,39,11,925.0,0.8,102,4.7,16.0,SG,1.2,2.4,4.2,PHI,8.0,0.5,-2.7,-1.0,7.3,-1.8,1.8,7.5,1.2,14.1,4.7,.546,15.1,-0.2
Aron Baynes,7.0,.487,14.3,0.1,.143,0.7,3.1,31,1.7,10.2,103,7.1,.471,15.0,2.0,.756,2.6,81,67,1485.0,4.4,103,6.7,16.2,C,0.7,2.7,14.6,BOS,9.6,2.9,-1.7,2.1,22.1,-3.8,9.7,12.1,0.7,14.3,16.0,.502,16.8,0.1
Kent Bazemore,4.8,.438,11.0,2.9,.394,7.5,6.2,28,1.2,6.1,108,7.8,.420,18.5,4.4,.796,5.5,65,65,1789.0,0.7,101,4.0,22.8,SG,2.7,4.3,6.8,ATL,20.1,2.2,0.4,1.1,13.9,-0.6,1.6,14.5,2.7,17.0,7.7,.547,22.5,1.1
Bradley Beal,8.1,.507,15.9,3.3,.375,8.8,6.2,24,0.6,5.0,110,11.4,.460,24.8,4.9,.791,6.2,82,82,2977.0,1.0,109,2.7,31.0,SG,1.6,3.6,6.1,WAS,21.0,1.1,1.7,-1.0,11.5,2.7,2.3,18.4,1.6,11.5,6.9,.564,27.6,2.7
Malik Beasley,3.8,.469,8.2,2.4,.341,7.0,2.6,21,0.6,4.8,113,6.2,.410,15.1,1.9,.667,2.8,62,0,583.0,1.2,101,3.1,16.7,SG,1.3,2.0,6.0,DEN,7.4,1.0,-5.1,-2.4,11.0,-2.8,2.7,9.0,1.3,11.1,6.9,.509,16.2,-0.5
Michael Beasley,11.2,.520,21.6,1.0,.395,2.6,3.7,29,1.3,9.5,110,12.3,.507,24.2,3.7,.780,4.8,74,30,1653.0,2.9,103,4.3,29.3,PF,1.1,4.3,12.4,NYK,12.5,2.3,-1.5,-0.4,21.2,-1.0,6.5,17.8,1.1,14.0,13.9,.556,26.9,0.2
Marco Belinelli,4.7,.509,9.2,3.7,.377,9.9,3.7,31,0.3,3.3,111,8.4,.441,19.1,3.7,.908,4.1,80,2,1947.0,0.5,111,2.3,24.2,SG,1.6,2.3,3.8,TOT,11.9,0.5,-1.3,-2.1,7.3,0.8,1.1,14.1,1.6,10.1,4.2,.581,20.7,0.3
Jordan Bell,6.9,.641,10.8,0.0,.000,0.2,6.1,23,3.3,8.8,103,6.9,.627,11.0,1.8,.682,2.6,57,13,809.0,3.6,121,5.5,15.6,C,2.1,3.0,12.3,GSW,16.9,5.5,3.7,3.7,19.0,0.0,8.9,18.0,2.1,20.0,14.3,.641,13.9,1.2
DeAndre' Bembry,4.5,.429,10.5,1.2,.367,3.2,5.3,23,1.3,6.9,109,5.7,.414,13.7,2.0,.576,3.5,26,3,455.0,0.9,83,4.1,14.6,SF,2.3,5.0,7.7,ATL,15.9,2.3,-4.4,1.5,15.7,-5.9,2.0,7.6,2.3,24.8,8.8,.477,18.2,-0.3
Dragan Bender,1.6,.426,3.7,2.7,.366,7.4,3.0,20,1.2,7.4,114,4.3,.386,11.2,0.9,.765,1.2,82,37,2069.0,0.9,95,3.8,12.3,PF,0.5,2.6,8.4,PHO,8.9,2.1,-2.7,0.0,16.8,-2.7,2.0,7.1,0.5,18.1,9.3,.524,12.7,-0.4
Davis Bertans,3.1,.588,5.3,4.4,.373,11.7,3.4,25,1.3,6.3,106,7.5,.440,17.0,1.9,.816,2.3,77,10,1086.0,0.8,115,4.3,21.2,PF,1.2,1.7,7.1,SAS,10.3,2.1,1.0,-0.3,13.9,1.2,1.8,14.1,1.2,8.5,7.8,.588,17.4,0.8
Khem Birch,5.8,.540,10.7,0.0,0,0.0,2.9,25,1.8,9.3,108,5.8,.540,10.7,3.6,.689,5.2,42,0,578.0,5.9,123,4.7,15.1,C,1.3,1.8,15.2,ORL,8.5,2.9,0.3,1.4,21.1,-1.1,13.2,16.4,1.3,12.1,17.1,.582,13.2,0.3
Bismack Biyombo,6.0,.521,11.5,0.0,.000,0.0,2.2,25,3.1,10.6,107,6.0,.520,11.5,3.3,.650,5.1,82,25,1495.0,4.7,108,5.2,15.3,C,0.7,2.8,15.3,ORL,6.5,5.1,-1.6,2.1,24.0,-3.7,10.5,14.1,0.7,16.6,17.2,.556,14.9,0.2
Nemanja Bjelica,3.5,.505,6.9,2.8,.415,6.7,3.1,29,0.6,8.1,110,6.2,.461,13.5,1.3,.800,1.6,67,21,1371.0,1.9,114,5.1,16.6,PF,1.8,1.9,10.0,MIN,8.7,1.0,0.5,-0.1,18.8,0.6,4.4,12.6,1.8,11.7,11.5,.581,14.3,0.9
Tarik Black,6.8,.638,10.6,0.1,.091,1.0,1.2,26,2.8,9.2,102,6.9,.591,11.7,2.7,.460,5.8,51,2,536.0,5.8,110,9.8,16.5,C,1.9,3.2,15.0,HOU,3.7,4.8,-1.0,2.1,20.9,-3.0,13.4,14.3,1.9,18.4,17.1,.582,15.6,0.1
Eric Bledsoe,7.4,.545,13.5,2.7,.347,7.7,7.9,28,0.9,5.0,108,10.0,.473,21.2,5.4,.795,6.8,74,74,2322.0,1.1,108,4.0,28.2,PG,3.2,4.6,6.1,TOT,25.7,1.5,2.1,-0.3,11.7,2.4,2.6,19.7,3.2,16.1,7.1,.582,26.1,2.4
Bogdan Bogdanovic,5.0,.485,10.3,3.0,.392,7.7,6.0,25,0.4,4.5,113,8.0,.446,18.0,2.3,.840,2.8,78,53,2175.0,0.7,107,4.0,21.3,SG,1.7,2.9,5.2,SAC,18.3,0.7,-1.0,-1.5,10.5,0.5,1.6,13.5,1.7,13.2,5.8,.556,19.6,0.6
Bojan Bogdanovic,5.1,.534,9.5,3.1,.402,7.8,2.4,28,0.2,4.9,112,8.2,.474,17.3,3.6,.868,4.2,80,80,2464.0,0.6,114,2.6,23.1,SF,1.1,2.1,5.5,IND,7.1,0.3,-0.7,-1.9,10.9,1.1,1.4,13.9,1.1,10.1,6.2,.605,19.0,0.8
Devin Booker,7.9,.460,17.2,3.8,.383,9.9,6.5,21,0.4,5.6,115,11.7,.432,27.1,7.4,.878,8.4,54,54,1865.0,0.7,105,4.3,34.5,SG,1.2,5.0,6.3,PHO,24.4,0.6,0.4,-2.4,12.7,2.9,1.5,18.1,1.2,13.9,7.0,.561,31.7,1.2
Trevor Booker,7.1,.545,13.0,0.3,.242,1.4,3.4,30,0.9,8.4,108,7.4,.516,14.4,2.8,.710,3.9,68,7,1158.0,4.9,114,5.0,18.0,PF,1.2,2.5,13.4,TOT,10.8,1.5,-0.5,0.5,18.6,-1.0,11.1,14.9,1.2,13.3,14.9,.557,16.6,0.4
Avery Bradley,6.4,.436,14.6,2.6,.369,7.0,3.3,27,0.3,3.3,110,9.0,.414,21.7,2.2,.768,2.8,46,46,1433.0,0.8,92,3.2,22.8,SG,1.8,3.5,4.0,TOT,10.4,0.5,-4.2,-1.4,7.3,-2.8,1.7,9.6,1.8,13.3,4.5,.496,23.5,-0.8
Corey Brewer,4.5,.539,8.3,1.2,.282,4.4,2.6,31,0.6,4.5,106,5.7,.449,12.7,2.6,.722,3.6,72,18,1208.0,1.7,107,5.6,15.3,SF,3.2,2.0,6.2,TOT,7.5,1.0,-0.6,1.0,10.0,-1.6,3.8,11.2,3.2,12.1,6.9,.534,14.3,0.4
Malcolm Brogdon,6.3,.532,11.9,2.2,.385,5.6,5.3,25,0.5,4.6,113,8.5,.485,17.5,2.6,.882,3.0,48,20,1436.0,0.8,112,4.4,21.7,PG,1.4,2.3,5.4,MIL,16.3,0.8,-1.3,-1.9,10.8,0.6,1.9,14.3,1.4,10.9,6.4,.578,19.1,0.2
Dillon Brooks,5.3,.484,10.9,2.0,.356,5.7,2.9,22,0.4,4.5,113,7.3,.440,16.6,2.7,.747,3.6,82,74,2350.0,1.1,100,5.0,19.3,SF,1.6,2.7,5.5,MEM,9.3,0.7,-3.1,-1.3,10.5,-1.8,2.4,9.8,1.6,12.8,6.3,.531,18.5,-0.7
Jaylen Brown,5.9,.507,11.5,2.8,.395,7.1,2.6,21,0.6,6.5,105,8.7,.465,18.6,3.5,.644,5.4,70,70,2152.0,1.5,105,4.2,23.6,SG,1.6,2.9,8.0,BOS,8.5,1.0,-0.2,0.4,14.0,-0.6,3.4,13.6,1.6,12.0,8.8,.562,21.4,1.0
Sterling Brown,3.2,.439,7.3,2.1,.352,5.8,1.6,22,0.8,7.5,110,5.3,.400,13.2,1.3,.875,1.5,54,4,776.0,1.7,100,5.1,13.9,SG,2.0,1.6,9.2,MIL,4.5,1.4,-4.0,-1.0,17.5,-3.1,4.1,9.1,2.0,10.4,10.8,.503,14.0,-0.4
Reggie Bullock,4.1,.536,7.6,3.6,.445,8.1,2.7,26,0.4,3.7,110,7.7,.489,15.7,1.1,.796,1.4,62,52,1732.0,0.8,118,2.0,20.1,SF,1.4,1.4,4.4,DET,8.4,0.7,0.7,-0.7,8.3,1.3,1.7,13.6,1.4,7.6,4.9,.615,15.7,1.2
Trey Burke,9.8,.556,17.6,2.4,.362,6.6,10.7,25,0.3,3.7,114,12.2,.503,24.2,2.3,.649,3.6,36,9,785.0,0.8,117,2.7,29.1,PG,1.5,2.7,4.5,NYK,36.4,0.4,1.0,-3.2,8.2,4.2,1.8,21.0,1.5,9.5,5.0,.563,25.1,0.6
Alec Burks,5.8,.452,12.9,2.2,.331,6.7,3.2,26,0.4,8.2,105,8.1,.411,19.6,5.1,.863,5.9,64,1,1059.0,0.9,102,3.6,23.4,SG,1.8,2.8,9.1,UTA,10.0,0.6,-2.8,-0.3,18.4,-2.5,2.1,13.1,1.8,11.4,10.3,.527,22.5,-0.2
Jimmy Butler,8.5,.509,16.7,1.6,.350,4.6,6.7,28,0.6,5.4,110,10.1,.474,21.3,8.4,.854,9.8,59,59,2164.0,1.8,122,1.8,30.2,SG,2.7,2.5,7.3,MIN,20.6,1.0,5.0,0.1,12.7,4.9,4.2,23.7,2.7,8.9,8.4,.590,24.9,3.8
Dwight Buycks,7.8,.438,17.9,1.8,.333,5.3,6.9,28,0.2,3.4,109,9.6,.414,23.1,4.2,.878,4.8,29,0,427.0,1.4,97,4.6,25.1,PG,2.2,4.6,4.8,DET,22.4,0.4,-4.3,-1.8,7.7,-2.5,3.0,12.8,2.2,15.3,5.3,.498,26.4,-0.2
Jose Calderon,2.6,.545,4.7,2.4,.464,5.2,6.3,36,0.1,3.8,115,5.0,.503,9.9,1.3,.800,1.6,57,32,914.0,0.8,122,4.3,13.7,PG,1.4,2.2,4.5,CLE,17.4,0.2,-1.9,-2.0,8.5,0.1,1.7,11.3,1.4,17.1,5.2,.643,11.6,0.0
Kentavious Caldwell-Pope,3.5,.473,7.5,3.1,.383,8.1,3.2,24,0.3,6.4,108,6.6,.426,15.5,3.0,.789,3.8,74,74,2458.0,1.2,111,2.8,19.3,SG,2.1,1.9,7.5,LAL,9.4,0.5,1.0,0.4,14.1,0.6,2.6,13.2,2.1,9.9,8.4,.561,16.9,1.9
Isaiah Canaan,3.4,.423,8.1,2.5,.333,7.5,8.6,26,0.1,4.4,114,5.9,.380,15.5,5.2,.902,5.8,20,1,422.0,0.7,110,4.1,19.5,PG,1.8,3.3,5.1,TOT,26.7,0.2,-2.4,-2.5,10.0,0.1,1.5,13.5,1.8,15.4,5.7,.539,18.9,0.0
Clint Capela,10.7,.653,16.3,0.0,.000,0.0,1.6,23,3.3,13.6,101,10.7,.652,16.4,3.5,.560,6.2,74,74,2034.0,5.8,126,4.5,24.8,C,1.4,2.5,19.4,HOU,5.7,5.7,3.0,2.9,30.8,0.1,13.5,24.5,1.4,11.5,22.2,.650,19.4,2.6
DeMarre Carroll,4.0,.457,8.8,3.2,.371,8.7,3.3,31,0.7,8.3,110,7.2,.414,17.5,4.2,.764,5.5,73,73,2180.0,2.3,109,3.7,21.9,SF,1.3,2.3,10.7,BRK,10.5,1.0,0.2,-0.3,18.4,0.4,5.1,14.3,1.3,10.3,11.7,.550,19.8,1.2
Vince Carter,2.8,.483,5.8,2.8,.345,8.1,3.4,41,1.3,6.4,110,5.6,.403,14.0,1.4,.757,1.8,58,5,1026.0,0.9,103,4.7,15.4,SF,2.1,1.8,7.3,SAC,9.7,2.4,-1.1,0.4,15.1,-1.5,1.9,10.8,2.1,10.7,8.2,.523,14.7,0.2
Michael Carter-Williams,3.6,.365,9.9,0.8,.237,3.4,6.8,26,1.3,5.9,107,4.4,.332,13.4,4.3,.820,5.2,52,2,835.0,2.2,98,5.8,14.0,PG,2.6,3.0,8.1,CHO,19.4,2.3,-0.6,2.0,13.3,-2.6,4.7,10.8,2.6,16.2,8.9,.446,16.6,0.3
Alex Caruso,3.1,.507,6.2,1.1,.302,3.7,6.4,23,0.9,4.3,109,4.3,.431,9.9,1.8,.700,2.6,37,7,562.0,1.3,98,4.4,11.4,PG,2.0,3.6,5.5,LAL,17.8,1.4,-2.9,0.5,9.4,-3.4,2.9,8.7,2.0,24.5,6.2,.519,12.9,-0.1
Omri Casspi,7.2,.595,12.0,0.7,.455,1.4,3.3,29,1.2,11.1,107,7.8,.580,13.5,3.3,.725,4.5,53,7,740.0,2.0,117,4.6,19.5,SF,1.2,2.4,13.0,GSW,9.5,2.0,-1.4,0.0,24.0,-1.5,4.9,15.5,1.2,13.5,15.1,.632,16.3,0.1
Willie Cauley-Stein,9.5,.506,18.8,0.1,.250,0.3,4.3,24,1.7,9.4,108,9.6,.502,19.1,3.8,.619,6.1,73,58,2044.0,3.2,106,4.6,23.1,C,1.9,2.7,12.6,SAC,13.7,3.1,0.4,1.7,22.0,-1.3,7.0,17.6,1.9,11.0,14.2,.529,21.8,1.2
Tyler Cavanaugh,3.3,.556,5.9,3.0,.360,8.4,2.5,23,0.4,7.7,112,6.3,.441,14.3,1.6,.810,2.0,39,1,518.0,4.2,119,5.8,17.3,PF,0.8,1.3,12.0,ATL,7.8,0.7,-1.0,-1.5,17.7,0.5,9.7,13.0,0.8,8.0,13.7,.567,14.8,0.1
Mario Chalmers,4.1,.456,9.0,1.9,.277,6.8,7.0,31,0.5,5.1,110,6.0,.379,15.8,4.2,.855,4.9,66,10,1421.0,0.5,96,6.4,18.0,PG,2.8,4.2,5.6,MEM,21.5,0.9,-2.7,-0.5,12.0,-2.2,1.0,10.4,2.8,18.8,6.4,.503,19.6,-0.3
Tyson Chandler,5.0,.647,7.8,0.0,0,0.0,2.2,35,1.1,11.8,111,5.0,.647,7.8,2.4,.624,3.9,46,46,1151.0,5.6,122,4.4,12.5,C,0.7,2.5,17.4,PHO,6.6,1.9,-0.3,1.0,26.8,-1.3,12.2,14.2,0.7,20.5,19.4,.658,10.6,0.5
Wilson Chandler,4.1,.501,8.1,1.9,.358,5.2,3.4,30,0.8,6.3,113,5.9,.445,13.3,1.9,.772,2.4,74,71,2346.0,2.2,110,3.3,15.6,SF,0.9,1.9,8.4,DEN,9.5,1.4,-0.9,-0.4,14.1,-0.5,4.9,11.0,0.9,11.9,9.6,.542,14.3,0.6
Marquese Chriss,4.6,.509,9.0,1.8,.295,6.0,2.6,20,2.2,10.0,109,6.3,.423,15.0,3.0,.608,5.0,72,49,1527.0,2.4,95,6.4,17.4,PF,1.6,3.4,12.4,PHO,8.1,3.7,-2.0,1.3,22.7,-3.3,5.2,11.1,1.6,16.4,13.8,.509,18.1,0.0
Ian Clark,5.2,.533,9.8,2.0,.318,6.4,3.6,26,0.3,3.8,112,7.3,.448,16.2,1.5,.763,1.9,74,2,1455.0,0.3,102,3.9,18.1,SG,1.1,1.9,4.2,NOP,10.4,0.5,-3.9,-2.0,8.4,-2.0,0.8,9.4,1.1,9.9,4.7,.529,17.2,-0.7
Jordan Clarkson,8.1,.500,16.2,2.9,.352,8.1,5.6,25,0.2,4.1,112,11.0,.451,24.4,3.9,.800,4.9,81,2,1888.0,1.5,106,2.7,28.7,SG,1.5,3.2,5.5,TOT,19.3,0.3,-1.9,-2.7,9.1,0.8,3.3,16.4,1.5,10.9,6.2,.542,26.5,0.1
John Collins,8.2,.598,13.6,0.4,.340,1.3,2.7,20,2.2,10.0,108,8.6,.576,14.9,3.6,.715,5.1,74,26,1785.0,4.8,117,5.9,21.3,PF,1.3,2.9,14.8,ATL,8.9,3.8,1.7,1.9,22.8,-0.2,11.0,18.3,1.3,14.3,16.9,.620,17.9,1.7
Zach Collins,3.8,.455,8.4,1.7,.310,5.4,2.5,20,1.5,8.4,107,5.5,.398,13.8,1.3,.643,2.0,66,1,1045.0,2.1,93,6.3,13.9,C,0.8,2.8,10.5,POR,7.1,2.4,-3.2,0.9,18.2,-4.1,4.7,7.5,0.8,15.9,11.5,.475,15.4,-0.3
Kyle Collinsworth,3.6,.415,8.6,0.4,.235,1.8,5.9,26,0.9,7.8,108,4.0,.384,10.4,2.2,.525,4.2,32,2,480.0,3.3,98,4.6,10.6,SF,1.8,2.5,11.2,DAL,16.4,1.7,-1.8,2.2,18.0,-4.0,7.2,10.0,1.8,17.1,12.4,.433,13.3,0.0
Darren Collison,5.4,.508,10.7,2.4,.468,5.1,9.1,30,0.4,3.5,110,7.8,.495,15.8,3.1,.882,3.6,69,64,2018.0,0.9,126,3.0,21.2,PG,2.3,2.1,4.4,IND,26.4,0.7,2.2,-1.0,7.8,3.1,2.1,18.8,2.3,10.9,5.0,.610,17.4,2.1
Pat Connaughton,3.0,.506,6.0,2.5,.352,7.0,3.0,25,0.7,4.2,110,5.5,.423,13.0,1.2,.841,1.5,82,5,1488.0,1.2,110,4.0,14.7,SG,0.8,1.4,5.4,POR,8.7,1.2,-1.3,-0.4,9.1,-0.9,2.7,9.3,0.8,9.5,5.9,.539,13.4,0.3
Quinn Cook,4.9,.514,9.6,3.0,.442,6.8,5.8,24,0.1,4.7,113,7.9,.484,16.4,1.4,.880,1.6,33,18,740.0,0.7,115,3.8,20.3,PG,0.8,2.1,5.3,GSW,16.6,0.1,-2.2,-2.8,10.2,0.6,1.6,12.8,0.8,10.8,6.2,.593,17.5,0.0
DeMarcus Cousins,8.3,.530,15.7,2.9,.354,8.1,7.1,27,2.1,14.1,102,11.2,.470,23.7,8.1,.746,10.8,48,48,1737.0,2.9,104,5.0,33.3,C,2.2,6.7,17.0,NOP,23.0,3.5,5.5,3.6,30.9,1.9,6.8,22.6,2.2,18.9,19.2,.583,31.9,3.3
Robert Covington,2.7,.497,5.4,3.9,.369,10.4,3.0,27,1.4,7.2,103,6.6,.413,15.9,2.2,.853,2.6,80,80,2532.0,1.0,107,4.5,19.2,SF,2.6,2.4,8.2,PHI,8.7,2.4,2.5,2.1,15.5,0.4,2.4,12.9,2.6,12.3,9.2,.563,17.2,2.9
Allen Crabbe,3.0,.461,6.5,4.4,.378,11.8,2.6,25,0.8,6.5,112,7.4,.407,18.3,2.5,.852,3.0,75,68,2197.0,0.6,108,3.7,21.9,SG,1.0,1.7,7.2,BRK,8.4,1.2,-0.8,-1.2,14.4,0.4,1.3,12.3,1.0,8.1,7.8,.558,19.0,0.7
Torrey Craig,3.5,.570,6.2,1.3,.293,4.6,2.0,27,1.2,6.9,112,4.9,.453,10.8,1.7,.629,2.8,39,5,629.0,3.2,111,5.0,12.8,SF,0.9,1.6,10.0,DEN,5.4,2.0,-2.5,-0.8,15.5,-1.7,7.2,9.8,0.9,11.6,11.4,.535,11.9,-0.1
Jamal Crawford,6.2,.477,12.9,3.1,.331,9.5,5.6,37,0.3,2.4,116,9.3,.415,22.4,3.1,.903,3.4,80,0,1653.0,0.6,104,2.6,24.9,SG,1.2,2.9,3.0,MIN,16.9,0.5,-3.9,-4.0,5.5,0.0,1.4,13.0,1.2,10.7,3.5,.519,23.7,-0.8
Jae Crowder,3.8,.488,7.8,2.6,.323,8.1,2.3,27,0.5,5.1,111,6.4,.404,15.9,2.9,.818,3.5,80,47,2090.0,1.4,105,4.4,18.3,SF,1.5,1.7,6.5,TOT,6.9,0.9,-1.7,-0.9,11.5,-0.8,3.2,10.4,1.5,9.1,7.4,.525,17.3,0.1
Dante Cunningham,3.3,.541,6.0,1.8,.345,5.2,1.5,30,0.9,6.8,110,5.0,.451,11.2,1.0,.596,1.6,73,25,1562.0,2.4,110,3.4,12.8,SF,1.2,1.0,9.2,TOT,4.3,1.5,-1.4,0.1,14.9,-1.4,5.5,10.0,1.2,7.9,10.3,.539,11.6,0.2
Stephen Curry,6.4,.595,10.7,6.3,.423,14.8,9.2,29,0.2,6.6,108,12.6,.495,25.5,8.2,.921,8.9,51,51,1631.0,1.1,125,3.4,39.8,PG,2.4,4.5,7.7,GSW,30.3,0.4,8.6,-1.3,14.4,9.9,2.7,28.2,2.4,13.3,9.0,.675,31.0,4.4
Troy Daniels,1.4,.419,3.5,5.4,.400,13.5,1.4,26,0.1,3.4,117,6.8,.403,17.0,1.7,.875,1.9,79,15,1622.0,0.4,109,4.0,20.7,SG,0.8,1.7,3.7,PHO,4.5,0.2,-2.9,-3.6,7.7,0.7,0.8,9.8,0.8,8.5,4.2,.583,17.2,-0.4
Anthony Davis,12.7,.558,22.8,1.0,.340,2.8,3.0,24,3.4,11.3,102,13.7,.534,25.6,8.7,.828,10.5,75,75,2727.0,3.3,119,2.8,36.9,PF,2.0,2.8,14.6,NOP,10.8,5.6,5.2,2.3,24.8,2.8,7.7,28.9,2.0,8.6,16.5,.612,30.0,4.9
Deyonta Davis,8.6,.608,14.2,0.0,0,0.0,2.1,21,2.1,9.4,110,8.6,.608,14.2,2.0,.667,3.1,62,6,943.0,4.0,122,6.7,19.3,C,0.8,1.7,13.4,MEM,7.1,3.9,-0.9,0.4,22.0,-1.3,9.0,16.6,0.8,9.9,15.3,.621,15.3,0.3
Ed Davis,5.7,.584,9.8,0.0,.000,0.0,1.4,28,1.8,13.3,103,5.7,.582,9.9,2.5,.667,3.8,78,0,1471.0,6.2,121,6.4,14.0,C,1.1,2.2,19.4,POR,3.9,2.9,0.0,1.8,28.8,-1.8,13.7,15.5,1.1,16.2,21.3,.607,12.1,0.7
Dewayne Dedmon,6.3,.595,10.6,1.6,.355,4.5,2.9,28,1.6,12.3,107,7.9,.524,15.1,2.1,.779,2.7,62,46,1542.0,3.2,111,5.1,19.5,C,1.3,2.7,15.5,ATL,9.2,2.8,0.5,1.6,28.1,-1.0,7.2,15.8,1.3,14.3,17.7,.599,17.0,1.0
Sam Dekker,6.5,.593,11.0,0.6,.167,3.3,2.1,23,0.5,7.2,111,7.0,.494,14.3,2.0,.661,3.1,73,1,883.0,2.4,107,3.9,16.7,PF,1.3,1.8,9.6,LAC,6.2,0.9,-3.1,-1.0,16.0,-2.1,5.6,11.5,1.3,10.4,10.8,.534,15.5,-0.2
Malcolm Delaney,3.0,.391,7.8,2.2,.371,6.0,7.9,28,0.3,4.4,113,5.3,.382,13.7,3.6,.804,4.4,54,3,1014.0,0.4,104,3.9,16.3,PG,1.7,3.2,4.8,ATL,23.4,0.5,-3.6,-1.5,10.0,-2.0,1.0,10.6,1.7,16.9,5.5,.519,16.9,-0.4
Matthew Dellavedova,1.8,.351,5.2,2.0,.372,5.5,10.2,27,0.0,3.5,115,3.9,.362,10.6,1.8,.926,1.9,38,3,712.0,1.0,104,4.7,11.5,PG,1.0,3.4,4.5,MIL,27.4,0.0,-5.9,-3.6,8.2,-2.3,2.3,8.6,1.0,23.0,5.3,.500,13.5,-0.7
DeMar DeRozan,10.1,.494,20.5,1.6,.310,5.2,7.6,28,0.4,4.7,109,11.7,.456,25.7,8.4,.825,10.2,80,80,2711.0,1.1,114,2.7,33.5,SG,1.5,3.2,5.7,TOR,25.0,0.6,1.8,-0.9,10.4,2.7,2.5,21.0,1.5,9.5,6.5,.555,29.6,2.6
Cheick Diallo,8.4,.580,14.5,0.0,0,0.0,1.6,21,1.7,13.5,105,8.4,.580,14.5,4.1,.758,5.4,52,0,581.0,3.9,118,6.7,20.9,PF,0.9,2.3,17.3,NOP,4.7,2.9,-3.1,-0.3,29.6,-2.8,9.1,17.0,0.9,12.0,19.7,.619,17.4,-0.2
Gorgui Dieng,6.3,.511,12.3,0.7,.311,2.3,2.7,28,1.5,9.5,109,7.0,.479,14.6,3.0,.775,3.8,79,0,1333.0,4.0,112,5.5,17.6,C,1.7,2.2,13.5,MIN,7.5,2.6,-0.4,0.6,22.2,-1.0,9.1,14.7,1.7,12.0,15.6,.543,16.3,0.5
Spencer Dinwiddie,3.9,.452,8.5,3.0,.326,9.1,11.0,24,0.5,4.6,112,6.8,.387,17.6,4.6,.813,5.6,80,58,2306.0,0.8,114,3.9,21.2,PG,1.4,2.7,5.5,BRK,35.0,0.7,0.2,-1.8,10.2,2.1,1.8,15.9,1.4,11.8,6.0,.527,20.3,1.3
Tyler Dorsey,3.6,.393,9.2,3.6,.362,10.0,4.0,21,0.3,5.7,114,7.2,.377,19.2,2.3,.714,3.2,56,5,974.0,0.9,100,3.2,20.3,SG,0.9,1.9,6.5,ATL,12.5,0.4,-4.2,-2.5,12.9,-1.8,2.0,10.0,0.9,8.3,7.4,.494,20.0,-0.5
Damyean Dotson,5.2,.538,9.7,2.3,.324,7.1,3.2,23,0.2,7.8,112,7.5,.447,16.8,1.7,.696,2.4,44,2,474.0,0.9,106,3.6,19.0,SG,1.3,1.8,8.8,NYK,9.5,0.4,-3.1,-1.7,17.5,-1.4,2.1,11.6,1.3,9.0,9.8,.532,17.3,-0.1
Goran Dragic,7.9,.481,16.4,2.3,.370,6.3,7.6,31,0.3,5.3,109,10.2,.450,22.7,4.6,.801,5.7,75,75,2378.0,1.1,108,3.8,27.4,PG,1.3,3.5,6.5,MIA,25.4,0.4,-0.1,-1.1,12.0,1.0,2.5,16.6,1.3,12.2,7.2,.543,25.7,1.2
Andre Drummond,8.9,.536,16.5,0.0,.000,0.2,4.5,24,2.4,16.1,99,8.9,.529,16.7,4.5,.605,7.5,78,78,2625.0,7.6,113,4.8,22.3,C,2.2,3.8,23.7,DET,14.3,4.3,5.5,5.3,36.4,0.2,16.4,22.9,2.2,15.9,26.2,.555,21.2,5.0
Jared Dudley,1.3,.452,2.9,2.0,.363,5.6,5.4,32,0.8,6.0,113,3.3,.393,8.5,1.9,.771,2.4,48,0,686.0,0.6,110,5.9,10.6,PF,1.7,2.0,6.6,PHO,15.6,1.3,-1.9,0.0,13.6,-1.9,1.2,8.8,1.7,16.9,7.3,.553,10.2,0.0
Kris Dunn,7.8,.457,17.0,1.4,.321,4.3,9.9,23,0.9,6.3,107,9.2,.429,21.3,2.7,.737,3.6,52,43,1525.0,0.8,96,5.6,22.4,PG,3.3,4.8,7.1,CHI,33.3,1.6,-0.1,1.4,14.4,-1.4,1.6,14.5,3.3,17.3,7.8,.488,24.7,0.7
Kevin Durant,9.5,.565,16.8,3.6,.419,8.6,7.6,29,2.5,9.0,107,13.1,.516,25.3,7.4,.889,8.4,68,68,2325.0,0.6,119,2.8,37.1,PF,1.0,4.3,9.6,GSW,25.5,4.0,5.6,0.7,19.5,5.0,1.6,26.0,1.0,12.9,11.2,.640,30.4,4.5
Wayne Ellington,1.4,.479,3.0,5.6,.392,14.2,1.9,30,0.2,4.8,110,7.0,.407,17.2,1.6,.859,1.9,77,2,2041.0,0.6,113,2.3,21.3,SG,1.3,1.3,5.4,MIA,5.9,0.3,0.0,-1.8,10.7,1.8,1.3,12.5,1.3,6.6,6.0,.588,17.3,1.0
Joel Embiid,11.2,.527,21.2,1.7,.308,5.4,5.0,23,2.8,13.8,100,12.8,.483,26.6,9.0,.769,11.7,63,63,1912.0,3.6,106,5.3,36.3,C,1.0,5.9,17.4,PHI,18.0,4.8,2.6,2.5,29.7,0.1,8.4,22.9,1.0,15.6,19.4,.573,33.4,2.2
James Ennis,4.1,.567,7.2,1.6,.333,4.8,2.2,27,0.6,4.7,112,5.7,.474,12.0,3.0,.836,3.6,72,22,1604.0,2.3,115,4.2,16.1,SF,1.5,1.8,7.0,TOT,6.6,1.0,-1.1,-0.5,11.0,-0.6,5.1,11.6,1.5,11.4,8.0,.588,13.7,0.4
Tyler Ennis,5.6,.476,11.8,1.0,.250,3.9,7.4,23,0.7,5.3,108,6.6,.420,15.7,1.5,.759,2.0,54,11,683.0,1.3,101,5.3,15.7,PG,2.1,2.7,6.7,LAL,21.9,1.2,-2.9,-0.1,11.8,-2.8,3.0,11.1,2.1,13.8,7.4,.473,17.1,-0.1
Jawun Evans,4.6,.372,12.4,0.9,.278,3.4,6.3,21,0.4,4.7,111,5.6,.352,15.8,2.4,.776,3.1,48,4,778.0,0.6,90,6.1,14.4,PG,2.3,2.8,5.3,LAC,17.8,0.6,-4.7,-0.5,10.4,-4.2,1.3,7.2,2.3,13.8,5.9,.421,17.7,-0.5
Tyreke Evans,7.9,.482,16.5,3.6,.399,9.0,8.5,28,0.5,7.0,111,11.5,.452,25.5,5.2,.785,6.6,52,32,1607.0,1.4,111,3.0,31.8,PG,1.8,3.7,8.3,MEM,31.2,1.0,3.6,-0.8,16.3,4.4,3.1,21.1,1.8,11.5,9.5,.561,28.4,2.3
Kenneth Faried,8.2,.517,15.8,0.0,.000,0.1,1.9,28,1.4,9.1,110,8.2,.514,15.9,3.9,.706,5.5,32,7,461.0,7.3,116,5.5,20.2,PF,1.3,2.5,16.5,DEN,5.8,2.4,-2.3,-1.1,20.7,-1.1,16.7,17.4,1.3,11.9,18.7,.552,18.3,0.0
Derrick Favors,8.9,.596,14.9,0.3,.222,1.5,2.4,26,1.9,8.2,104,9.2,.563,16.4,3.3,.651,5.0,77,77,2153.0,4.6,119,3.8,22.0,C,1.3,2.0,12.9,UTA,7.8,3.2,2.7,2.2,18.5,0.5,10.6,18.8,1.3,9.9,14.6,.593,18.5,2.5
Cristiano Felicio,6.3,.596,10.6,0.0,.000,0.1,2.7,25,0.5,7.5,113,6.3,.591,10.7,2.7,.667,4.0,55,16,977.0,4.1,114,5.2,15.4,C,0.8,2.7,11.6,CHI,8.4,1.0,-2.4,-0.1,17.1,-2.3,8.8,12.5,0.8,17.7,12.8,.614,13.6,-0.1
Raymond Felton,5.2,.444,11.7,2.9,.352,8.4,7.4,33,0.6,4.8,109,8.1,.406,20.1,1.3,.818,1.6,82,2,1365.0,0.9,105,3.3,20.5,PG,1.8,2.8,5.7,OKC,22.5,1.1,-2.8,-1.7,11.0,-1.1,2.0,13.0,1.8,11.7,6.3,.494,20.4,-0.3
Terrance Ferguson,2.0,.612,3.2,2.6,.333,7.8,1.2,19,0.7,1.8,111,4.6,.414,11.0,0.6,.900,0.7,61,12,763.0,1.2,115,5.4,12.3,SG,1.6,0.7,3.1,OKC,3.4,1.2,-2.5,-1.3,4.2,-1.2,2.7,7.4,1.6,6.0,3.4,.545,10.4,-0.1
Yogi Ferrell,3.9,.477,8.2,2.9,.373,7.9,4.4,24,0.2,4.9,112,6.8,.426,16.1,1.8,.796,2.3,82,21,2282.0,0.6,107,3.4,18.4,SG,1.4,1.7,5.5,DAL,13.5,0.4,-1.0,-0.6,11.2,-0.4,1.2,11.4,1.4,9.1,6.1,.540,17.0,0.6
Dorian Finney-Smith,2.9,.481,6.1,2.2,.299,7.5,2.9,24,0.4,5.9,111,5.2,.380,13.6,1.2,.733,1.7,21,13,448.0,2.5,96,4.8,13.8,PF,1.1,2.4,8.4,DAL,8.4,0.8,-3.1,-0.3,13.6,-2.8,5.3,7.6,1.1,14.1,9.3,.482,15.1,-0.1
Bryn Forbes,4.0,.446,9.0,3.0,.390,7.6,2.7,24,0.1,3.3,110,7.0,.421,16.6,1.6,.667,2.4,80,12,1517.0,0.4,106,3.6,18.5,SG,0.9,1.2,3.7,SAS,7.8,0.1,-3.1,-1.9,7.2,-1.2,0.9,9.1,0.9,6.5,4.0,.525,16.7,-0.4
Evan Fournier,6.4,.516,12.4,3.4,.379,8.9,4.4,25,0.4,4.2,113,9.8,.459,21.4,4.0,.867,4.6,57,57,1837.0,0.6,110,3.7,27.0,SF,1.3,2.5,4.8,ORL,14.8,0.7,-0.4,-2.1,9.5,1.6,1.4,15.5,1.3,9.8,5.4,.577,23.3,0.7
De'Aaron Fox,7.0,.436,16.1,1.2,.307,3.8,8.0,20,0.5,4.3,113,8.2,.412,19.9,3.5,.723,4.9,73,60,2026.0,0.8,94,4.1,21.1,PG,1.7,4.3,5.1,SAC,24.6,0.9,-4.4,-1.5,10.0,-2.8,1.8,11.2,1.7,16.4,5.7,.478,23.4,-1.2
Tim Frazier,3.0,.440,6.9,1.0,.304,3.3,11.5,27,0.4,5.7,107,4.0,.395,10.2,1.4,.767,1.8,59,11,838.0,1.1,105,5.7,10.4,PG,2.8,3.4,6.8,WAS,31.1,0.7,-2.1,0.3,13.1,-2.4,2.4,11.3,2.8,23.5,7.8,.475,12.8,0.0
Channing Frye,4.6,.670,6.8,2.7,.339,8.1,2.7,34,0.9,8.6,111,7.3,.491,14.9,1.2,.895,1.3,53,1,695.0,0.8,115,4.8,18.5,C,1.3,1.5,9.5,TOT,7.9,1.6,-1.7,-1.0,19.4,-0.7,1.9,13.1,1.3,8.7,10.8,.599,15.2,0.1
Danilo Gallinari,4.8,.455,10.5,2.6,.324,8.0,3.0,29,0.7,6.7,112,7.4,.398,18.6,5.9,.931,6.3,21,21,671.0,0.7,111,2.2,23.3,SF,0.9,1.9,7.3,LAC,8.9,1.2,-1.4,-1.4,14.9,0.0,1.5,13.8,0.9,8.1,8.3,.545,20.6,0.1
Langston Galloway,2.9,.418,7.1,4.3,.344,12.6,3.4,26,0.3,4.6,109,7.3,.371,19.7,1.9,.805,2.4,58,2,863.0,0.8,106,2.3,20.8,SG,2.0,1.0,5.3,DET,10.1,0.5,-1.7,-1.6,10.3,-0.2,1.6,12.2,2.0,4.8,5.9,.503,19.3,0.1
Marc Gasol,6.8,.456,15.0,2.3,.341,6.7,6.4,33,2.1,10.8,108,9.1,.420,21.7,5.9,.834,7.1,73,73,2408.0,1.6,104,3.9,26.4,C,1.1,4.1,12.4,MEM,21.7,3.9,1.5,1.6,25.3,-0.1,3.7,17.4,1.1,14.1,14.2,.532,25.6,2.1
Pau Gasol,6.8,.481,14.1,1.2,.358,3.3,6.6,37,2.2,13.7,102,8.0,.458,17.5,4.4,.756,5.8,77,63,1812.0,3.6,112,3.4,21.6,C,0.7,3.0,17.3,SAS,20.1,3.6,3.2,3.3,30.2,-0.1,7.8,18.9,0.7,13.1,19.0,.539,20.4,2.4
Rudy Gay,8.9,.516,17.2,1.5,.314,4.8,3.0,31,1.6,8.8,103,10.4,.471,22.0,4.6,.772,6.0,57,6,1231.0,3.1,106,4.0,26.9,PF,1.9,3.2,11.9,SAS,9.8,2.6,0.3,1.0,19.5,-0.7,6.8,18.0,1.9,11.5,13.1,.545,24.6,0.7
Paul George,5.7,.454,12.5,4.2,.401,10.5,4.5,27,0.7,6.4,106,9.9,.430,23.0,5.8,.822,7.1,79,79,2891.0,1.2,112,4.0,29.8,SF,2.8,3.6,7.7,OKC,14.5,1.2,2.6,0.0,14.9,2.5,2.7,18.7,2.8,12.2,8.6,.570,25.7,3.3
Taj Gibson,7.7,.595,12.9,0.1,.200,0.6,1.8,32,1.1,7.2,112,7.8,.577,13.5,2.6,.768,3.4,82,82,2726.0,3.6,123,4.0,18.3,PF,1.1,1.6,10.7,MIN,5.2,1.9,1.1,0.2,16.7,0.9,8.1,15.4,1.1,9.8,12.4,.610,14.7,2.1
Manu Ginobili,5.3,.506,10.5,2.5,.333,7.5,6.3,40,0.6,4.8,107,7.8,.434,18.0,4.3,.840,5.1,65,0,1299.0,0.7,103,4.9,22.4,SG,1.7,4.1,5.5,SAS,19.1,1.0,-1.0,-0.5,10.6,-0.5,1.6,12.9,1.7,16.8,6.1,.553,21.5,0.3
Rudy Gobert,7.6,.622,12.3,0.0,0,0.0,2.2,25,3.6,12.0,99,7.6,.622,12.3,5.6,.682,8.3,56,56,1816.0,4.6,122,4.2,20.9,C,1.2,3.0,16.6,UTA,6.9,6.0,4.3,4.6,27.0,-0.3,10.4,20.7,1.2,15.7,18.8,.657,16.9,2.9
Aaron Gordon,6.7,.497,13.4,2.9,.336,8.8,3.5,22,1.2,9.5,109,9.6,.434,22.2,4.0,.698,5.8,58,57,1909.0,2.2,103,2.8,26.2,PF,1.5,2.7,11.7,ORL,11.7,1.9,0.0,0.0,21.5,0.0,5.0,16.5,1.5,10.0,13.2,.530,24.7,1.0
Eric Gordon,4.5,.544,8.3,5.0,.359,13.9,3.5,29,0.6,3.3,110,9.5,.428,22.2,4.5,.809,5.5,69,30,2154.0,0.6,110,2.6,28.4,SG,1.0,3.0,3.9,HOU,11.7,1.1,-1.0,-2.4,7.5,1.4,1.3,15.2,1.0,10.8,4.4,.578,24.7,0.5
Marcin Gortat,6.9,.518,13.4,0.0,0,0.0,3.6,33,1.5,10.6,107,6.9,.518,13.4,2.6,.675,3.9,82,82,2075.0,4.3,112,4.2,16.5,C,1.0,2.4,14.9,WAS,10.6,2.6,0.3,1.9,24.0,-1.6,9.9,14.7,1.0,13.5,17.0,.546,15.5,1.2
Treveon Graham,2.6,.452,5.8,1.9,.412,4.5,2.7,24,0.1,3.7,112,4.5,.434,10.3,1.9,.695,2.7,63,2,1050.0,2.0,114,5.1,12.7,SG,1.5,1.3,5.6,CHO,7.8,0.2,-0.9,-0.3,8.3,-0.6,4.3,9.0,1.5,9.9,6.2,.553,11.3,0.3
Jerami Grant,6.4,.613,10.4,1.0,.291,3.3,1.7,23,2.3,7.0,108,7.4,.535,13.7,4.9,.675,7.2,81,1,1647.0,2.6,122,4.7,20.6,PF,0.9,1.6,9.6,OKC,5.1,4.2,-0.6,0.2,16.3,-0.8,5.6,16.2,0.9,8.8,10.7,.607,16.0,0.6
Jerian Grant,4.3,.468,9.1,1.8,.326,5.4,9.9,25,0.2,4.1,112,6.1,.416,14.6,4.1,.745,5.4,74,26,1686.0,0.9,112,3.8,17.9,PG,1.8,2.6,5.0,CHI,30.1,0.4,-2.0,-1.8,9.3,-0.1,1.9,14.3,1.8,13.2,5.5,.528,17.4,0.0
Danny Green,2.8,.419,6.8,3.3,.363,9.0,3.1,30,2.3,5.9,104,6.1,.387,15.8,1.4,.769,1.8,70,60,1791.0,1.2,100,3.4,16.9,SG,1.8,2.1,7.0,SAS,8.9,3.7,1.2,2.2,13.0,-1.1,2.5,11.4,1.8,11.2,7.7,.509,16.6,1.4
Draymond Green,4.3,.562,7.6,1.6,.301,5.4,10.7,27,1.9,9.7,105,5.9,.454,13.0,2.8,.775,3.6,70,70,2287.0,1.6,110,3.9,16.3,PF,2.0,4.3,11.3,GSW,29.0,3.1,3.2,2.7,21.1,0.4,3.9,16.1,2.0,22.5,13.1,.556,17.2,3.0
Gerald Green,3.1,.504,6.1,5.8,.369,15.8,1.3,32,0.8,6.2,108,8.9,.407,21.9,2.7,.850,3.2,41,2,929.0,0.8,109,4.6,26.3,SG,1.3,1.6,7.0,HOU,4.3,1.4,-1.9,-2.4,14.2,0.5,1.8,14.1,1.3,6.6,8.1,.566,22.4,0.0
JaMychal Green,5.9,.499,11.8,1.4,.339,4.2,2.6,27,0.8,10.4,110,7.3,.457,16.0,2.6,.721,3.6,55,54,1542.0,4.8,108,5.0,18.7,PF,1.0,2.5,15.2,MEM,8.3,1.5,-1.5,-0.4,24.4,-1.2,10.8,14.0,1.0,12.4,17.4,.530,17.8,0.2
Jeff Green,6.5,.540,12.0,1.4,.312,4.6,2.7,31,0.9,5.0,114,7.9,.477,16.6,5.4,.868,6.3,78,13,1828.0,1.6,115,4.0,22.7,PF,1.1,2.0,6.6,CLE,8.0,1.6,-1.9,-1.7,11.2,-0.2,3.7,14.8,1.1,9.4,7.6,.587,19.3,0.1
Blake Griffin,8.1,.482,16.8,2.8,.345,8.0,8.3,28,0.4,8.9,110,10.9,.438,24.8,6.5,.785,8.2,58,58,1970.0,1.8,109,3.5,31.0,PF,1.0,4.1,10.7,TOT,28.1,0.8,2.8,-0.1,19.8,2.9,4.1,19.6,1.0,12.6,12.0,.544,28.9,2.4
Tim Hardaway,6.0,.516,11.7,3.4,.317,10.8,4.1,25,0.3,5.0,113,9.5,.421,22.5,3.8,.816,4.7,57,54,1885.0,0.8,106,3.2,26.2,SG,1.6,2.4,5.9,NYK,12.7,0.5,-0.1,-1.8,11.3,1.7,1.9,14.4,1.6,9.0,6.6,.533,23.8,0.9
James Harden,7.4,.531,14.0,5.1,.367,13.9,12.2,28,1.0,6.7,105,12.6,.449,27.9,12.0,.858,14.0,72,72,2551.0,0.8,120,3.3,42.3,SG,2.4,6.1,7.5,HOU,45.1,1.7,10.9,1.3,15.2,9.6,1.8,29.8,2.4,15.1,8.6,.619,36.1,8.3
Maurice Harkless,3.9,.547,7.0,1.9,.415,4.6,2.1,24,1.7,4.6,106,5.8,.495,11.7,1.7,.712,2.3,59,36,1264.0,1.8,117,4.1,15.2,SF,1.9,1.6,6.4,POR,6.0,2.8,1.8,2.0,9.9,-0.2,4.0,12.6,1.9,11.0,7.0,.596,12.6,1.2
Montrezl Harrell,13.0,.641,20.3,0.0,.143,0.3,2.8,24,2.0,7.6,109,13.1,.635,20.6,5.2,.626,8.3,76,3,1293.0,3.9,124,5.4,31.4,C,1.4,2.6,11.5,LAC,10.1,3.4,2.4,0.0,17.0,2.4,8.9,24.7,1.4,9.5,13.0,.647,23.8,1.5
Devin Harris,4.0,.476,8.5,2.9,.348,8.5,5.7,34,0.4,4.3,111,7.0,.412,16.9,5.3,.835,6.3,71,1,1340.0,0.4,110,5.9,22.2,PG,1.8,2.8,4.7,TOT,16.9,0.8,-2.0,-1.9,9.8,-0.1,1.0,13.0,1.8,12.6,5.3,.563,20.2,0.0
Gary Harris,6.1,.553,11.1,3.4,.396,8.5,4.2,23,0.3,3.0,112,9.5,.485,19.5,2.9,.827,3.5,67,65,2304.0,0.8,115,2.6,25.2,SG,2.6,2.6,3.8,DEN,13.0,0.5,0.9,-1.5,6.8,2.4,1.8,16.5,2.6,10.8,4.3,.597,20.7,1.7
Joe Harris,3.8,.589,6.5,3.7,.419,8.8,3.1,26,0.5,5.1,113,7.5,.491,15.3,2.1,.827,2.6,78,14,1975.0,1.3,116,3.8,20.8,SG,0.9,2.2,6.4,BRK,10.2,0.8,0.1,-1.2,11.3,1.3,2.7,13.3,0.9,12.0,7.0,.634,16.6,1.1
Tobias Harris,7.0,.488,14.4,3.4,.411,8.2,3.6,25,0.6,7.0,110,10.4,.460,22.6,3.3,.829,4.0,80,80,2668.0,1.1,112,3.0,27.5,PF,1.3,1.9,8.1,TOT,11.8,1.1,0.7,-0.8,15.7,1.5,2.4,17.1,1.3,7.4,9.0,.565,23.3,1.8
Andrew Harrison,5.1,.467,10.9,1.8,.331,5.4,6.7,23,1.0,4.1,113,6.9,.422,16.4,4.7,.780,6.1,56,46,1326.0,0.9,106,5.3,20.3,PG,1.4,3.1,5.0,MEM,21.3,1.8,-2.5,-1.5,9.7,-0.9,2.0,12.7,1.4,14.0,5.7,.534,19.6,-0.2
Josh Hart,3.2,.551,5.8,2.6,.396,6.5,2.6,22,0.5,7.2,109,5.8,.469,12.3,2.2,.702,3.1,63,23,1461.0,1.4,116,3.5,16.2,SG,1.5,1.5,8.6,LAL,7.6,0.9,-0.1,0.2,16.0,-0.3,3.1,12.2,1.5,10.1,9.6,.596,13.5,0.7
John Henson,7.2,.578,12.5,0.0,.143,0.2,2.9,27,2.8,9.2,108,7.3,.572,12.7,2.3,.570,4.0,76,69,1970.0,3.8,115,5.1,16.8,C,1.1,2.1,13.0,MIL,8.6,4.7,0.4,1.8,21.5,-1.4,9.0,15.7,1.1,12.8,15.3,.582,15.0,1.2
Willy Hernangomez,8.5,.566,15.1,0.5,.417,1.2,3.3,23,1.6,12.1,106,9.0,.555,16.3,5.9,.656,8.9,48,1,495.0,6.1,117,6.4,24.4,C,1.8,3.5,18.2,TOT,10.5,2.7,0.9,0.8,27.2,0.1,13.3,21.2,1.8,14.7,20.2,.604,21.0,0.4
Mario Hezonja,5.4,.523,10.3,2.7,.337,7.9,3.1,22,0.9,7.1,108,8.1,.442,18.2,2.5,.819,3.1,75,30,1657.0,1.2,103,4.0,21.3,SF,2.4,2.5,8.3,ORL,10.0,1.5,-0.8,0.2,16.1,-1.0,2.7,13.7,2.4,11.5,9.3,.544,19.9,0.5
Buddy Hield,6.0,.457,13.1,4.4,.431,10.2,3.9,24,0.5,6.3,111,10.4,.446,23.3,1.8,.877,2.0,80,12,2024.0,1.4,104,3.7,27.0,SG,2.1,3.1,7.7,SAC,12.8,1.0,-0.2,-1.4,14.8,1.2,3.0,16.1,2.1,11.3,8.6,.557,24.3,0.9
Nene Hilario,8.8,.574,15.4,0.0,.000,0.1,2.9,35,0.9,7.9,105,8.8,.569,15.5,4.4,.636,6.9,52,4,758.0,3.5,117,8.0,22.1,C,1.8,2.5,11.4,HOU,9.5,1.6,-0.8,0.7,18.0,-1.5,8.1,16.4,1.8,11.7,13.1,.594,18.9,0.2
George Hill,4.2,.490,8.5,2.3,.415,5.7,5.1,31,0.7,3.8,113,6.5,.460,14.1,3.0,.786,3.9,67,60,1812.0,1.2,113,3.5,18.4,PG,1.7,2.4,5.0,TOT,15.0,1.3,-0.6,-0.9,8.9,0.3,2.6,13.3,1.7,13.3,5.7,.580,16.3,0.6
Jrue Holiday,8.1,.557,14.5,2.0,.337,5.8,7.9,27,1.0,4.9,109,10.0,.494,20.3,3.1,.786,3.9,81,81,2927.0,1.0,110,3.3,25.1,SG,2.0,3.5,6.0,NOP,24.9,1.7,2.1,0.3,10.8,1.8,2.4,17.8,2.0,13.6,6.8,.570,23.1,3.0
Justin Holiday,2.8,.387,7.2,3.5,.359,9.7,3.3,28,0.7,5.6,111,6.2,.371,16.9,2.9,.823,3.5,72,72,2265.0,0.7,100,2.9,18.9,SG,1.7,2.0,6.3,CHI,10.1,1.2,-1.3,-0.3,12.8,-1.0,1.4,10.8,1.7,9.8,6.9,.513,18.2,0.4
Rondae Hollis-Jefferson,8.3,.491,16.9,0.3,.241,1.4,4.2,23,1.2,9.1,109,8.6,.472,18.3,6.3,.788,8.0,68,59,1920.0,2.6,108,3.7,23.9,SF,1.6,3.1,11.6,BRK,14.2,1.9,-0.4,1.1,20.0,-1.5,5.5,16.9,1.6,12.3,12.7,.548,22.2,0.8
Richaun Holmes,8.4,.624,13.5,0.3,.129,2.0,3.9,24,1.9,9.9,103,8.7,.560,15.5,2.4,.661,3.6,48,2,746.0,3.7,121,6.3,20.1,C,1.3,1.6,13.6,PHI,12.3,3.2,1.7,1.9,21.4,-0.2,8.6,17.4,1.3,8.6,15.2,.585,16.6,0.7
Rodney Hood,6.0,.467,12.9,3.9,.381,10.3,2.9,25,0.4,4.4,110,9.9,.429,23.1,3.4,.860,4.0,60,23,1616.0,0.7,106,3.2,27.2,SG,1.4,2.2,5.1,TOT,9.7,0.6,-2.0,-2.2,9.9,0.2,1.6,14.3,1.4,8.0,5.8,.546,24.3,0.0
Al Horford,5.9,.514,11.6,2.1,.429,5.0,7.4,31,1.7,9.4,103,8.1,.489,16.5,2.1,.783,2.6,72,72,2277.0,2.3,115,3.0,20.3,C,0.9,2.9,11.6,BOS,23.6,2.9,4.0,2.9,20.2,1.1,5.0,17.6,0.9,14.1,12.7,.575,18.4,3.5
Danuel House,4.9,.577,8.4,1.8,.259,6.9,3.0,24,0.7,7.5,114,6.7,.434,15.3,3.0,.806,3.7,23,3,403.0,1.5,111,2.7,18.1,SG,0.8,1.3,9.0,PHO,9.4,1.2,-2.7,-1.5,17.0,-1.2,3.4,12.4,0.8,7.2,10.1,.533,16.2,-0.1
Dwight Howard,10.0,.559,17.9,0.0,.143,0.1,2.1,32,2.6,15.0,104,10.0,.555,18.0,6.6,.574,11.5,81,81,2463.0,5.0,108,4.9,26.7,C,1.0,4.1,20.0,CHO,7.1,4.4,-0.3,1.7,33.8,-2.0,11.0,20.5,1.0,15.1,22.2,.577,24.2,1.1
Josh Huestis,1.4,.403,3.4,1.7,.287,5.8,1.0,26,2.2,6.0,109,3.0,.330,9.2,0.3,.300,1.0,69,10,982.0,2.1,91,4.1,8.0,PF,0.8,1.3,8.1,OKC,2.7,4.0,-3.9,0.7,13.9,-4.6,4.6,5.4,0.8,12.0,9.1,.417,9.5,-0.5
Serge Ibaka,6.4,.559,11.5,2.5,.360,7.0,1.5,28,2.3,9.4,105,8.9,.483,18.5,2.2,.797,2.8,76,76,2093.0,1.8,109,4.9,22.6,PF,0.7,2.1,11.3,TOR,4.4,3.8,-0.2,0.6,21.0,-0.8,4.3,14.7,0.7,9.7,12.8,.574,19.4,1.0
Andre Iguodala,3.4,.567,6.0,1.0,.282,3.5,6.2,34,1.1,5.8,109,4.4,.463,9.5,1.6,.632,2.6,64,7,1622.0,1.5,113,2.9,11.4,SF,1.6,2.0,7.3,GSW,16.2,1.9,0.2,0.9,12.6,-0.7,3.7,11.2,1.6,15.8,8.5,.536,11.5,0.9
Ersan Ilyasova,5.2,.517,10.1,2.6,.360,7.1,2.5,30,0.7,8.1,108,7.8,.452,17.2,3.0,.778,3.8,69,43,1729.0,3.3,111,4.4,21.1,PF,1.7,2.0,11.4,TOT,7.9,1.3,0.1,-0.1,18.0,0.2,7.6,14.9,1.7,9.7,12.9,.558,18.7,0.9
Joe Ingles,2.5,.516,4.9,4.0,.440,9.0,7.6,30,0.4,6.2,106,6.5,.467,14.0,1.3,.795,1.6,82,81,2578.0,0.5,115,3.5,18.3,SF,1.8,3.1,6.7,UTA,22.9,0.7,3.1,1.0,13.9,2.1,1.1,14.4,1.8,17.4,7.6,.623,15.9,3.3
Brandon Ingram,7.7,.483,15.9,1.0,.390,2.5,5.6,20,1.0,6.2,109,8.7,.470,18.4,4.7,.681,6.8,59,59,1975.0,1.4,104,3.9,23.0,SF,1.1,3.6,7.6,LAL,17.7,1.8,-1.3,0.3,13.8,-1.6,3.1,13.8,1.1,14.4,8.5,.536,22.2,0.4
Kyrie Irving,9.5,.541,17.6,4.3,.408,10.5,7.9,25,0.4,5.0,106,13.8,.491,28.1,6.0,.889,6.8,60,60,1931.0,0.9,118,3.2,37.9,PG,1.7,3.6,5.9,BOS,30.7,0.7,6.2,-0.7,10.8,6.9,1.9,25.0,1.7,10.4,6.4,.610,31.0,4.0
Jonathan Isaac,3.6,.394,9.0,1.5,.348,4.2,1.6,20,2.7,7.6,104,5.0,.379,13.2,1.7,.760,2.3,27,10,536.0,1.5,87,4.4,13.2,PF,3.0,2.5,9.0,ORL,4.8,4.5,-1.8,3.1,17.2,-4.9,3.3,9.8,3.0,14.8,10.2,.465,15.0,0.0
Wesley Iwundu,4.0,.488,8.3,0.4,.196,2.2,2.7,23,0.6,4.8,112,4.5,.427,10.5,1.6,.723,2.3,62,12,1020.0,1.7,100,3.9,11.0,SF,1.6,1.4,6.6,ORL,7.8,0.9,-3.5,0.2,11.0,-3.7,3.9,7.8,1.6,11.2,7.4,.480,11.6,-0.4
Jarrett Jack,5.3,.459,11.4,0.8,.291,2.8,11.1,34,0.1,5.4,114,6.1,.427,14.2,2.0,.840,2.4,62,56,1548.0,0.7,103,3.1,14.9,PG,1.1,3.7,6.1,NYK,31.3,0.2,-3.5,-1.7,12.1,-1.9,1.6,11.5,1.1,19.5,6.8,.489,16.7,-0.6
Josh Jackson,8.1,.464,17.5,1.4,.263,5.3,2.9,20,0.9,6.3,112,9.5,.417,22.8,4.3,.634,6.8,77,35,1959.0,2.3,93,5.3,24.7,SF,2.0,3.6,8.6,PHO,10.1,1.4,-4.3,-1.2,14.2,-3.1,5.1,11.8,2.0,12.2,9.6,.480,26.0,-1.1
Justin Jackson,4.3,.547,7.9,1.9,.308,6.2,2.5,22,0.4,5.4,114,6.2,.442,14.1,0.9,.722,1.2,68,41,1506.0,0.9,103,2.7,15.2,SF,0.9,1.3,6.3,SAC,7.2,0.8,-3.5,-1.5,12.6,-2.0,2.0,9.2,0.9,8.4,7.1,.521,14.2,-0.6
Reggie Jackson,8.1,.475,16.9,2.2,.308,7.0,9.9,27,0.2,4.0,111,10.2,.426,24.0,4.7,.836,5.6,45,45,1201.0,1.2,105,3.6,27.2,PG,1.1,4.1,5.2,DET,32.8,0.3,-1.5,-2.3,9.0,0.8,2.6,15.9,1.1,13.5,5.7,.516,27.1,0.2
LeBron James,11.5,.603,19.0,2.4,.367,6.6,12.1,33,1.1,9.9,109,13.9,.542,25.6,6.3,.731,8.6,82,82,3026.0,1.6,118,2.2,36.4,PF,1.9,5.6,11.5,CLE,44.4,2.0,9.6,2.0,22.3,7.6,3.7,28.6,1.9,16.1,13.1,.621,31.6,8.9
Mike James,6.8,.435,15.5,1.8,.265,6.8,8.8,27,0.5,5.4,113,8.6,.383,22.4,4.5,.762,5.9,36,10,687.0,0.9,99,3.3,23.4,PG,2.0,3.4,6.3,TOT,29.4,0.8,-2.6,-1.8,12.2,-0.9,2.0,13.9,2.0,12.0,7.0,.469,25.1,-0.1
Al Jefferson,11.5,.541,21.2,0.0,.000,0.3,3.1,33,2.4,11.7,104,11.5,.534,21.5,3.1,.833,3.7,36,1,484.0,3.1,113,6.8,26.0,C,1.7,2.2,14.8,IND,10.0,4.2,-0.5,1.3,26.2,-1.7,7.0,20.2,1.7,8.6,16.7,.563,22.5,0.2
Jonas Jerebko,4.2,.511,8.1,2.9,.414,6.9,1.9,30,0.5,8.5,106,7.0,.466,15.1,2.0,.807,2.5,74,19,1134.0,2.3,118,5.6,19.0,PF,1.1,1.2,10.9,UTA,5.7,0.9,-0.6,-0.3,19.1,-0.3,5.4,13.2,1.1,6.9,12.3,.586,15.6,0.4
Amir Johnson,5.3,.570,9.4,0.4,.313,1.3,4.8,30,1.8,8.5,103,5.8,.538,10.7,2.1,.612,3.5,74,18,1171.0,5.1,121,7.9,14.0,C,1.8,2.3,13.6,PHI,13.9,3.1,2.9,3.1,18.3,-0.2,11.8,14.8,1.8,15.6,15.2,.575,12.8,1.5
James Johnson,6.5,.587,11.1,1.5,.308,4.8,7.2,30,1.3,7.7,105,8.0,.503,15.9,2.9,.698,4.2,73,41,1943.0,1.6,109,5.0,20.4,PF,1.8,3.6,9.3,MIA,22.5,2.2,1.7,1.7,17.2,-0.1,3.5,15.8,1.8,17.2,10.3,.575,19.1,1.8
Joe Johnson,4.4,.493,8.9,1.7,.276,6.0,3.4,36,0.3,6.5,109,6.0,.406,14.9,1.7,.889,1.9,55,4,1205.0,0.6,98,2.8,15.4,SF,0.7,2.0,7.1,TOT,10.2,0.5,-3.8,-0.4,14.7,-3.4,1.3,8.1,0.7,11.4,8.1,.490,15.9,-0.5
Stanley Johnson,3.8,.439,8.6,1.8,.286,6.2,2.9,21,0.4,5.8,107,5.5,.375,14.7,2.9,.772,3.8,69,50,1894.0,0.9,97,4.5,15.8,SF,2.5,2.0,6.6,DET,8.5,0.7,-1.5,1.1,13.0,-2.6,1.9,9.0,2.5,11.0,7.3,.480,16.4,0.2
Tyler Johnson,4.6,.491,9.5,2.9,.367,7.9,4.0,25,0.8,5.2,108,7.6,.435,17.4,2.6,.822,3.2,72,39,2052.0,0.8,109,3.6,20.6,PG,1.5,2.0,6.1,MIA,12.4,1.4,-0.2,-0.1,11.7,-0.1,1.9,13.0,1.5,9.5,6.8,.549,18.6,0.9
Wesley Johnson,2.9,.471,6.2,2.0,.339,5.8,2.0,30,2.0,6.1,107,4.9,.408,12.0,1.4,.741,1.9,74,40,1486.0,0.9,99,4.8,13.2,SF,2.5,1.8,7.1,LAC,5.6,3.5,0.3,2.3,13.6,-2.0,2.2,9.8,2.5,12.3,8.0,.512,13.0,0.9
Nikola Jokic,8.0,.538,14.8,2.3,.396,5.7,9.3,22,1.2,12.3,107,10.2,.499,20.5,5.4,.850,6.4,75,73,2443.0,4.0,121,4.3,28.1,C,1.8,4.3,16.3,DEN,29.6,2.1,7.1,2.3,27.9,4.8,9.0,24.4,1.8,15.5,18.5,.603,24.2,5.6
Tyus Jones,3.6,.528,6.8,1.5,.349,4.4,7.9,21,0.2,4.0,110,5.1,.457,11.2,2.4,.877,2.8,82,11,1467.0,0.5,119,3.7,14.2,PG,3.2,2.0,4.5,MIN,21.2,0.4,0.5,-0.3,9.2,0.8,1.2,14.1,3.2,14.0,5.2,.572,12.7,0.9
DeAndre Jordan,7.5,.645,11.6,0.0,0,0.0,2.3,29,1.4,16.9,105,7.5,.645,11.6,3.6,.580,6.3,77,77,2424.0,6.6,125,4.1,18.6,C,0.8,2.7,23.5,LAC,7.1,2.4,2.1,1.6,37.6,0.5,15.1,20.2,0.8,16.1,26.5,.648,15.2,2.5
Cory Joseph,4.3,.457,9.4,1.5,.353,4.3,5.9,26,0.4,5.1,110,5.8,.424,13.7,1.6,.745,2.1,82,17,2210.0,0.9,106,3.2,14.7,PG,1.8,2.0,5.9,IND,16.1,0.7,-1.2,0.1,11.4,-1.3,2.0,11.0,1.8,11.9,6.7,.503,14.8,0.5
Frank Kaminsky,5.4,.459,11.7,2.8,.380,7.3,3.4,24,0.5,6.4,111,8.2,.429,19.0,4.1,.799,5.2,79,4,1835.0,1.2,110,2.5,23.2,PF,1.0,1.8,7.7,CHO,11.0,0.9,-0.9,-1.2,14.5,0.3,2.7,14.4,1.0,7.6,8.5,.545,20.5,0.5
Enes Kanter,11.4,.594,19.3,0.0,.000,0.1,2.8,25,1.0,13.7,108,11.4,.592,19.3,4.2,.848,5.0,71,71,1830.0,7.4,122,5.1,27.1,C,1.0,3.3,21.1,NYK,9.4,1.7,2.5,0.1,30.6,2.4,16.6,24.0,1.0,13.3,23.6,.630,21.8,2.1
Luke Kennard,4.3,.463,9.2,2.8,.415,6.6,4.2,21,0.4,5.3,109,7.0,.443,15.9,2.2,.855,2.6,73,9,1463.0,0.7,108,2.9,19.0,SG,1.5,2.4,6.0,DET,12.7,0.8,-1.5,-0.4,11.9,-1.1,1.6,12.1,1.5,12.2,6.6,.560,17.2,0.2
Michael Kidd-Gilchrist,7.4,.505,14.7,0.0,.000,0.1,1.9,24,0.8,5.7,110,7.4,.504,14.8,3.1,.684,4.5,74,74,1850.0,2.2,109,3.8,18.0,SF,1.3,1.4,8.0,CHO,5.9,1.4,-1.8,0.3,13.0,-2.0,4.8,12.5,1.3,7.8,8.8,.536,16.2,0.1
Sean Kilpatrick,4.9,.427,11.5,3.5,.319,11.0,3.5,28,0.4,6.3,113,8.4,.374,22.5,4.9,.889,5.5,52,1,640.0,0.4,97,2.5,25.3,SG,1.0,2.9,6.7,TOT,11.3,0.7,-6.1,-3.6,14.2,-2.5,0.8,11.6,1.0,10.4,7.5,.507,24.9,-0.7
Maxi Kleber,4.6,.613,7.5,1.7,.313,5.3,2.1,26,2.0,6.8,109,6.3,.489,12.9,1.8,.746,2.5,72,36,1206.0,3.0,117,4.7,16.1,PF,1.1,1.2,9.7,DAL,6.4,3.5,0.2,1.2,15.6,-1.0,6.3,13.4,1.1,8.2,10.8,.576,13.7,0.7
Kyle Korver,1.8,.537,3.4,5.1,.436,11.7,2.7,36,0.8,4.9,114,6.9,.459,15.1,2.0,.889,2.2,73,4,1574.0,0.3,120,4.0,20.9,SG,1.0,1.7,5.1,CLE,8.0,1.5,0.1,-2.0,10.9,2.2,0.7,13.4,1.0,9.6,5.9,.652,16.0,0.9
Kosta Koufos,8.1,.571,14.1,0.0,0,0.0,3.2,28,1.2,11.7,108,8.1,.571,14.1,1.2,.446,2.7,71,13,1391.0,5.4,117,5.3,17.3,C,1.7,1.8,17.2,SAC,9.7,2.2,0.5,1.4,27.6,-0.8,11.7,17.5,1.7,10.4,19.3,.566,15.2,0.9
Kyle Kuzma,6.2,.511,12.1,3.2,.366,8.6,2.8,22,0.7,7.9,109,9.3,.450,20.7,2.9,.707,4.1,77,37,2401.0,1.8,105,3.2,24.7,PF,1.0,2.8,9.6,LAL,9.1,1.1,-1.3,-1.0,17.4,-0.3,3.9,14.2,1.0,11.0,10.7,.549,22.5,0.4
Skal Labissiere,7.6,.459,16.6,0.7,.353,2.1,2.9,21,2.0,7.7,111,8.4,.448,18.7,3.9,.805,4.8,60,28,1240.0,4.0,103,5.4,21.3,PF,1.0,3.0,11.7,SAC,9.1,3.7,-2.6,0.1,18.1,-2.7,8.7,14.3,1.0,12.5,13.2,.513,21.1,-0.2
Jeremy Lamb,7.1,.495,14.3,2.3,.370,6.3,4.6,25,0.8,6.8,109,9.4,.457,20.6,4.4,.861,5.2,80,18,1967.0,1.2,112,3.4,25.6,SG,1.5,2.3,8.0,CHO,15.4,1.4,0.9,-0.2,15.4,1.2,2.7,17.0,1.5,9.1,8.9,.559,22.4,1.5
Shane Larkin,3.4,.398,8.6,2.0,.360,5.5,6.3,25,0.1,5.0,106,5.4,.384,14.1,2.1,.865,2.4,54,2,775.0,1.0,104,3.7,14.9,PG,1.9,2.1,5.9,BOS,18.5,0.3,-2.1,0.2,10.7,-2.3,2.1,10.4,1.9,12.3,6.5,.491,15.5,0.0
Joffrey Lauvergne,9.3,.530,17.5,0.0,.000,0.5,3.9,26,0.3,10.2,106,9.3,.516,18.0,2.8,.638,4.4,55,1,534.0,6.0,109,4.3,21.4,C,0.9,3.1,16.2,SAS,12.2,0.5,-1.6,-0.1,22.6,-1.4,13.0,16.5,0.9,13.5,17.8,.536,20.4,0.1
Zach LaVine,7.0,.405,17.3,3.1,.341,9.2,5.4,22,0.3,6.3,111,10.1,.383,26.4,6.5,.813,8.0,24,24,656.0,0.7,99,4.1,29.8,SG,1.8,3.2,7.0,CHI,18.6,0.5,-2.7,-2.0,14.4,-0.6,1.4,14.6,1.8,9.7,7.7,.499,29.5,-0.1
T.J. Leaf,5.0,.489,10.2,2.0,.429,4.6,1.0,20,0.4,5.8,112,7.0,.471,14.8,1.1,.625,1.7,53,0,459.0,3.2,113,4.9,17.0,PF,0.5,1.1,8.9,IND,2.8,0.8,-4.8,-2.9,13.0,-1.9,7.2,10.7,0.5,6.5,10.1,.545,14.9,-0.3
Courtney Lee,4.9,.482,10.2,2.4,.406,6.0,3.9,32,0.4,4.2,113,7.4,.454,16.2,2.4,.919,2.7,76,69,2310.0,0.6,112,2.3,19.6,SG,1.7,1.8,4.8,NYK,11.3,0.6,0.0,-0.7,9.3,0.8,1.4,13.0,1.7,9.4,5.4,.564,16.9,1.2
Damion Lee,5.7,.511,11.1,1.8,.250,7.3,3.5,25,0.1,7.3,110,7.5,.408,18.4,2.7,.759,3.5,15,11,404.0,1.3,100,3.0,19.5,SG,2.3,1.7,8.6,ATL,11.2,0.2,-2.1,-0.4,16.6,-1.7,3.0,12.0,2.3,7.8,9.8,.489,19.3,0.0
Alex Len,7.3,.568,12.9,0.0,.333,0.1,2.8,24,2.1,11.8,110,7.3,.566,13.0,5.4,.684,7.9,69,13,1395.0,6.0,121,5.4,20.1,C,0.9,2.7,17.8,PHO,9.1,3.5,0.8,1.1,26.7,-0.3,13.2,19.4,0.9,14.0,19.8,.612,17.0,1.0
Caris LeVert,6.1,.480,12.8,2.2,.347,6.4,7.8,23,0.6,5.4,110,8.3,.435,19.1,3.5,.711,4.9,71,10,1864.0,1.4,103,4.1,22.3,SF,2.1,4.0,6.8,BRK,26.0,0.9,-0.5,-0.2,11.9,-0.3,3.0,14.3,2.1,15.8,7.4,.525,22.5,0.7
DeAndre Liggins,1.4,.396,3.6,1.3,.358,3.6,3.3,29,1.0,4.6,109,2.7,.377,7.2,0.1,.400,0.3,58,4,724.0,0.5,95,5.5,6.9,SG,2.5,1.4,5.1,TOT,8.4,1.6,-2.2,1.2,10.6,-3.4,1.1,6.0,2.5,15.6,5.9,.467,7.9,0.0
Damian Lillard,7.3,.501,14.6,4.2,.361,11.7,9.0,27,0.5,4.9,109,11.6,.439,26.4,9.2,.916,10.0,73,73,2670.0,1.2,120,2.2,36.6,PG,1.4,3.8,6.1,POR,30.9,0.8,6.7,-1.0,10.6,7.7,2.6,25.2,1.4,11.1,6.6,.594,30.6,5.9
Shaun Livingston,7.3,.509,14.4,0.0,.000,0.2,6.0,32,0.9,4.2,110,7.3,.501,14.6,2.1,.820,2.6,71,7,1129.0,1.4,108,5.0,16.8,PG,1.5,2.5,5.6,GSW,16.8,1.5,-3.5,-0.9,9.2,-2.6,3.4,11.6,1.5,13.6,6.5,.533,16.7,-0.4
Kevon Looney,5.9,.590,10.0,0.1,.200,0.3,2.2,21,3.0,7.0,106,5.9,.580,10.2,2.2,.545,4.1,66,4,910.0,4.4,121,5.6,14.1,C,1.8,1.6,11.4,GSW,6.0,4.9,1.2,2.1,15.2,-0.9,11.0,14.8,1.8,12.0,13.2,.588,12.5,0.7
Brook Lopez,7.1,.549,12.9,3.1,.345,9.0,3.5,29,2.7,6.1,108,10.2,.465,21.9,3.1,.703,4.4,74,72,1735.0,2.0,108,5.4,26.5,C,0.8,2.7,8.1,LAL,11.6,4.6,0.5,0.2,13.4,0.3,4.6,16.4,0.8,10.2,9.0,.557,23.5,1.1
Robin Lopez,9.8,.536,18.2,0.1,.286,0.4,3.6,29,1.5,4.5,114,9.9,.530,18.6,2.0,.756,2.6,64,64,1690.0,3.9,106,3.1,21.8,C,0.4,3.1,8.4,CHI,12.3,2.8,-1.9,-0.3,10.3,-1.7,8.2,14.7,0.4,13.5,9.2,.552,20.4,0.0
Kevin Love,5.8,.494,11.8,4.1,.415,9.8,3.1,29,0.7,13.2,109,9.9,.458,21.6,6.9,.880,7.9,59,59,1651.0,3.0,120,3.6,30.8,C,1.3,2.7,16.2,CLE,9.8,1.2,1.3,-1.5,29.8,2.7,7.0,22.4,1.3,9.6,18.6,.614,25.1,1.4
Kyle Lowry,3.2,.474,6.8,4.7,.399,11.7,10.5,31,0.4,7.2,107,7.9,.427,18.5,4.4,.854,5.1,78,78,2510.0,1.3,120,3.8,24.9,PG,1.7,3.6,8.5,TOR,30.9,0.6,5.9,0.5,16.1,5.4,3.0,19.5,1.7,14.7,9.7,.598,21.7,5.0
Timothe Luwawu-Cabarrot,2.8,.431,6.5,3.2,.335,9.4,3.2,22,0.3,3.5,110,6.0,.375,15.9,2.7,.793,3.5,52,7,807.0,0.8,101,5.8,17.8,SF,0.7,2.3,4.3,PHI,9.3,0.5,-4.7,-2.4,7.5,-2.3,1.9,7.0,0.7,11.5,4.8,.511,17.5,-0.5
Trey Lyles,6.7,.563,11.8,3.0,.381,7.8,3.2,22,1.2,10.4,110,9.6,.491,19.6,3.6,.706,5.1,73,2,1391.0,2.0,116,4.0,25.8,PF,1.1,2.2,12.4,DEN,10.1,2.0,-0.8,-1.4,23.5,0.6,4.5,17.9,1.1,9.0,14.0,.591,21.1,0.4
Shelvin Mack,4.7,.473,9.9,1.7,.345,5.0,9.8,27,0.3,5.1,111,6.4,.430,14.8,2.5,.711,3.5,69,3,1365.0,0.8,106,3.3,17.0,PG,1.9,3.2,6.0,ORL,29.5,0.5,-2.4,-1.2,11.6,-1.2,1.8,13.3,1.9,16.3,6.7,.518,17.6,-0.1
Ian Mahinmi,6.0,.561,10.7,0.0,.000,0.1,2.3,31,1.8,7.7,107,6.0,.556,10.8,3.9,.703,5.6,77,0,1145.0,5.9,107,10.0,15.9,C,1.6,4.3,13.5,WAS,6.6,3.2,-0.7,1.6,17.4,-2.3,13.4,12.2,1.6,24.7,15.4,.601,15.6,0.4
Thon Maker,4.0,.467,8.5,1.2,.298,4.2,1.9,20,2.1,6.0,110,5.2,.411,12.7,2.6,.699,3.7,74,12,1238.0,3.0,103,6.5,14.3,C,1.5,1.8,9.1,MIL,5.2,3.7,-2.7,0.0,14.2,-2.7,7.1,10.2,1.5,11.0,10.6,.499,14.6,-0.2
Lauri Markkanen,5.5,.497,11.1,3.5,.362,9.7,1.9,20,1.0,10.4,110,9.0,.434,20.8,3.4,.843,4.0,68,68,2020.0,1.9,107,2.5,25.0,PF,0.9,2.0,12.3,CHI,6.4,1.8,-1.9,-1.3,23.7,-0.6,4.0,15.6,0.9,8.2,13.5,.552,21.9,0.1
Jarell Martin,5.7,.470,12.1,1.0,.347,3.0,2.2,23,1.5,6.7,111,6.7,.446,15.1,2.7,.767,3.5,73,36,1661.0,3.0,101,6.4,17.2,PF,1.2,2.6,9.7,MEM,7.0,2.8,-3.0,0.0,15.8,-3.0,6.6,10.5,1.2,13.6,11.1,.516,17.1,-0.4
Frank Mason,5.8,.384,15.1,1.6,.360,4.4,7.6,23,0.5,5.1,112,7.4,.379,19.5,4.8,.817,5.9,52,2,984.0,1.5,100,3.7,21.2,PG,1.7,3.3,6.7,SAC,22.7,1.0,-3.4,-1.4,12.1,-2.0,3.3,13.0,1.7,13.1,7.5,.480,22.6,-0.4
Wesley Matthews,3.1,.441,6.9,3.6,.381,9.5,4.1,31,0.4,4.0,111,6.7,.406,16.4,2.0,.822,2.4,63,62,2131.0,0.7,105,3.3,18.9,SF,1.8,2.0,4.7,DAL,12.3,0.7,0.1,-0.2,9.2,0.2,1.4,11.4,1.8,10.1,5.2,.541,17.6,1.1
Luc Mbah a Moute,3.2,.599,5.4,2.0,.364,5.4,1.7,31,0.8,5.2,106,5.2,.481,10.9,2.0,.684,3.0,61,15,1564.0,0.7,106,3.1,14.5,PF,2.3,2.1,5.9,HOU,5.0,1.4,0.0,1.5,11.7,-1.5,1.6,10.2,2.3,15.1,6.7,.595,12.9,0.8
Patrick McCaw,3.7,.503,7.3,1.0,.238,4.0,4.1,22,0.5,3.3,110,4.6,.409,11.3,1.3,.765,1.7,57,10,961.0,0.8,96,3.4,11.5,SG,2.2,2.1,4.1,GSW,10.6,0.8,-3.4,-0.5,7.2,-2.9,2.0,7.4,2.2,14.6,4.8,.477,12.8,-0.3
CJ McCollum,8.1,.465,17.5,3.2,.397,8.1,4.6,26,0.6,4.6,109,11.4,.443,25.6,3.6,.836,4.3,81,81,2923.0,0.9,108,2.9,29.5,SG,1.3,2.6,5.5,POR,15.8,1.0,0.4,-1.0,9.9,1.4,2.0,17.0,1.3,8.6,6.0,.536,26.5,1.8
T.J. McConnell,5.2,.510,10.1,0.8,.435,1.7,8.5,25,0.4,5.3,105,5.9,.499,11.9,0.9,.795,1.1,76,1,1706.0,1.0,109,3.4,13.5,PG,2.6,3.2,6.4,PHI,24.5,0.6,-0.7,1.1,11.5,-1.8,2.4,12.5,2.6,20.4,7.1,.545,13.8,0.5
Doug McDermott,4.1,.497,8.2,2.6,.426,6.1,2.2,26,0.5,4.5,115,6.7,.467,14.3,1.8,.790,2.3,81,4,1768.0,1.1,111,3.4,17.7,SF,0.5,1.6,5.6,TOT,6.5,0.8,-2.4,-1.7,10.2,-0.7,2.5,10.4,0.5,9.3,6.3,.579,15.0,-0.2
JaVale McGee,10.7,.638,16.7,0.0,.000,0.5,2.6,30,4.5,8.6,103,10.7,.621,17.2,3.0,.731,4.1,65,17,615.0,4.6,124,7.1,24.3,C,1.6,2.1,13.2,GSW,8.0,7.3,2.6,2.1,18.7,0.4,11.5,22.3,1.6,10.0,15.4,.641,19.2,0.7
Ben McLemore,4.7,.477,9.9,2.5,.346,7.4,2.4,24,0.7,4.9,112,7.3,.421,17.3,2.5,.828,3.0,56,17,1091.0,1.6,99,6.4,19.6,SG,1.8,2.8,6.4,MEM,7.5,1.3,-3.6,-1.4,11.4,-2.1,3.5,9.7,1.8,13.2,7.4,.526,19.0,-0.4
Jodie Meeks,3.8,.464,8.1,3.2,.343,9.3,3.1,30,0.2,4.9,112,7.0,.399,17.4,4.5,.863,5.2,77,0,1119.0,0.7,111,2.4,21.6,SG,1.3,1.6,5.6,WAS,9.1,0.3,-2.8,-2.5,11.2,-0.4,1.5,12.4,1.3,7.7,6.4,.548,19.0,-0.2
Salah Mejri,6.1,.657,9.2,0.0,.000,0.2,2.4,31,4.6,11.1,102,6.1,.642,9.4,2.6,.576,4.5,61,1,729.0,5.9,122,8.3,14.7,C,1.5,2.7,16.9,DAL,7.2,8.2,3.1,5.3,25.4,-2.2,12.5,17.8,1.5,19.0,18.7,.644,12.8,0.9
Khris Middleton,7.5,.517,14.5,2.4,.359,6.8,5.5,26,0.4,6.4,111,9.9,.466,21.3,5.4,.884,6.1,82,82,2982.0,0.8,111,4.5,27.6,SF,2.0,3.2,7.2,MIL,17.7,0.6,0.4,-1.2,15.0,1.6,1.8,17.4,2.0,11.8,8.4,.577,24.6,1.8
C.J. Miles,2.3,.434,5.3,6.0,.361,16.7,2.0,30,0.8,4.9,108,8.4,.379,22.1,3.0,.835,3.6,70,3,1337.0,0.7,109,4.9,25.8,SF,1.4,1.4,5.6,TOR,6.0,1.3,-0.5,-2.2,11.0,1.7,1.5,13.0,1.4,5.7,6.4,.545,22.3,0.5
Darius Miller,1.7,.535,3.2,3.6,.411,8.8,2.7,27,0.4,3.6,113,5.3,.444,12.0,1.4,.866,1.6,82,3,1944.0,0.4,115,3.9,15.6,SF,0.7,1.4,4.0,NOP,7.5,0.7,-1.0,-1.6,7.9,0.5,1.0,9.3,0.7,10.1,4.6,.617,12.8,0.5
Patty Mills,3.0,.470,6.4,3.7,.372,9.9,5.5,29,0.3,3.1,109,6.7,.411,16.4,2.5,.890,2.8,82,36,2107.0,0.6,109,3.1,19.6,PG,1.3,2.5,3.7,SAS,16.0,0.4,-0.4,-1.3,6.8,0.9,1.4,11.8,1.3,12.6,4.1,.558,17.8,0.9
Paul Millsap,7.1,.506,14.0,1.7,.345,4.9,4.6,32,1.9,7.8,109,8.8,.464,18.9,4.9,.696,7.0,38,37,1143.0,2.8,109,4.3,24.1,PF,1.7,3.2,10.6,DEN,13.6,3.2,0.7,0.7,17.6,0.0,6.4,17.0,1.7,12.6,12.1,.549,22.0,0.8
Nikola Mirotic,5.5,.525,10.5,4.4,.377,11.5,2.6,26,1.3,11.2,107,9.9,.447,22.1,3.6,.818,4.4,55,14,1494.0,1.9,111,3.5,27.7,PF,1.4,2.0,13.1,TOT,8.6,2.2,0.6,-0.7,24.9,1.4,4.3,18.7,1.4,7.7,14.6,.577,23.4,1.0
Donovan Mitchell,7.8,.502,15.4,3.6,.340,10.5,5.5,21,0.5,4.6,105,11.3,.437,25.9,4.5,.805,5.6,79,71,2638.0,1.0,103,4.0,30.7,SG,2.2,4.1,5.6,UTA,19.4,0.9,1.1,-0.2,10.4,1.3,2.3,16.7,2.2,12.6,6.4,.541,29.1,2.1
Malik Monk,4.0,.385,10.4,4.7,.342,13.9,5.2,19,0.5,3.3,112,8.7,.360,24.3,1.8,.842,2.2,63,0,854.0,0.5,96,3.4,24.0,SG,1.1,2.8,3.8,CHO,16.9,0.9,-4.4,-3.4,7.5,-1.0,1.0,10.3,1.1,9.8,4.2,.477,24.9,-0.5
Greg Monroe,10.3,.565,18.2,0.0,0,0.0,5.4,27,1.1,11.4,105,10.3,.565,18.2,4.1,.739,5.6,51,14,1040.0,5.1,112,4.5,24.7,C,2.1,4.4,16.5,TOT,18.7,1.8,2.4,2.3,25.2,0.1,11.4,21.2,2.1,17.7,18.3,.598,22.4,1.2
E'Twaun Moore,5.4,.556,9.8,2.4,.425,5.6,3.5,28,0.2,3.3,112,7.8,.508,15.4,0.9,.706,1.3,82,80,2586.0,1.1,111,3.4,18.9,SG,1.5,1.9,4.4,NOP,10.1,0.4,-0.2,-0.8,7.3,0.6,2.5,12.1,1.5,10.6,5.0,.593,16.1,1.2
Eric Moreland,4.1,.541,7.6,0.0,0,0.0,4.8,26,3.2,12.2,101,4.1,.541,7.6,0.7,.379,1.8,67,3,805.0,5.0,111,7.2,8.9,PF,1.9,2.6,17.2,DET,13.3,5.6,2.6,5.8,27.6,-3.1,10.9,13.9,1.9,23.8,19.1,.531,9.7,0.9
Marcus Morris,6.1,.467,13.0,3.0,.368,8.1,2.5,28,0.4,8.5,105,9.0,.429,21.1,4.3,.805,5.3,54,21,1447.0,1.5,106,3.5,25.4,PF,1.2,2.2,10.0,BOS,8.1,0.7,-1.7,-0.6,18.4,-1.0,3.3,14.5,1.2,8.7,10.9,.541,23.0,0.1
Markieff Morris,6.4,.529,12.1,1.9,.367,5.2,3.6,28,1.0,8.4,108,8.3,.480,17.3,2.6,.820,3.2,73,73,1968.0,1.9,105,5.5,21.2,PF,1.4,3.2,10.3,WAS,11.0,1.7,-0.5,0.5,19.2,-1.0,4.3,13.2,1.4,14.6,11.8,.566,19.5,0.7
Emmanuel Mudiay,6.3,.415,15.0,1.9,.318,5.9,8.2,21,0.4,5.0,113,8.1,.388,20.9,3.9,.760,5.1,64,14,1245.0,1.0,96,3.2,22.0,PG,1.6,4.5,6.1,TOT,24.5,0.8,-4.7,-2.1,11.3,-2.6,2.3,11.5,1.6,16.2,6.8,.474,24.3,-0.9
Shabazz Muhammad,9.2,.478,19.2,0.8,.259,3.2,1.7,25,0.4,6.3,113,10.0,.447,22.5,4.7,.780,6.0,43,2,418.0,2.7,109,3.6,25.6,SF,1.1,0.7,9.1,TOT,5.7,0.6,-5.9,-4.1,14.8,-1.8,6.3,15.4,1.1,2.8,10.6,.510,23.0,-0.4
Dejounte Murray,7.6,.454,16.7,0.3,.265,1.0,6.7,21,0.9,10.1,101,7.8,.443,17.7,3.0,.709,4.3,81,48,1743.0,3.2,99,4.4,19.0,PG,2.8,3.9,13.3,SAS,20.2,1.5,1.2,3.4,22.4,-2.2,7.0,15.1,2.8,16.6,14.6,.485,20.7,1.4
Jamal Murray,6.1,.502,12.1,3.2,.378,8.4,5.3,20,0.5,4.2,113,9.3,.451,20.5,4.4,.905,4.9,81,80,2565.0,1.6,112,3.3,26.1,PG,1.5,3.3,5.7,DEN,16.4,0.9,-0.2,-2.0,9.4,1.8,3.6,16.1,1.5,12.8,6.5,.576,22.8,1.2
Mike Muscala,3.7,.559,6.7,2.9,.371,7.7,2.3,26,1.2,8.0,110,6.6,.458,14.4,2.6,.919,2.9,53,7,1060.0,2.6,115,3.7,18.7,C,1.4,1.9,10.6,ATL,7.3,2.2,0.2,0.2,18.3,0.0,5.9,14.4,1.4,11.0,12.1,.597,15.7,0.6
Abdel Nader,2.6,.321,8.0,2.2,.354,6.2,2.5,24,1.0,5.6,105,4.8,.336,14.3,2.2,.590,3.7,48,1,522.0,1.2,83,4.3,14.0,SF,1.4,3.3,6.8,BOS,7.1,1.6,-5.6,0.3,12.0,-5.9,2.8,5.1,1.4,17.0,7.4,.439,17.1,-0.5
Larry Nance,8.1,.594,13.6,0.1,.167,0.4,2.8,25,1.3,9.9,104,8.1,.581,14.0,3.1,.664,4.7,66,27,1421.0,5.5,125,5.8,19.4,C,3.0,1.7,15.3,TOT,8.6,2.2,3.3,2.4,22.0,0.9,12.4,20.2,3.0,9.7,17.3,.605,15.9,1.9
Shabazz Napier,4.6,.450,10.1,2.7,.376,7.1,4.9,26,0.5,4.7,106,7.2,.420,17.2,3.8,.841,4.5,74,10,1535.0,0.8,107,2.7,20.9,PG,2.6,2.9,5.5,POR,14.6,0.7,0.2,0.3,10.1,-0.2,1.9,14.2,2.6,13.2,6.0,.544,19.5,0.8
Jameer Nelson,2.6,.450,5.7,1.9,.331,5.9,8.5,35,0.2,4.3,112,4.5,.389,11.6,0.8,.800,0.9,50,0,1013.0,0.6,99,3.8,11.7,PG,1.3,3.2,4.9,TOT,22.8,0.3,-4.0,-1.5,9.5,-2.6,1.4,8.1,1.3,21.0,5.6,.489,13.7,-0.5
Raul Neto,5.0,.481,10.5,1.9,.404,4.7,7.6,25,0.4,4.2,108,6.9,.457,15.2,2.6,.743,3.5,41,0,498.0,0.7,105,3.8,18.4,PG,1.3,3.6,4.9,UTA,23.0,0.7,-3.2,-1.1,9.5,-2.1,1.6,11.9,1.3,17.8,5.6,.550,18.3,-0.1
Nerlens Noel,5.8,.529,11.1,0.0,.000,0.1,2.1,23,2.3,12.8,100,5.8,.524,11.2,2.2,.750,3.0,30,6,472.0,5.1,109,6.3,13.9,C,3.3,2.8,17.9,DAL,6.3,4.1,1.0,4.5,29.3,-3.5,10.9,16.2,3.3,18.1,19.8,.558,13.8,0.4
Lucas Nogueira,5.2,.721,7.2,0.6,.263,2.2,2.6,25,5.1,8.1,98,5.8,.613,9.4,2.2,.679,3.3,49,3,418.0,2.1,123,5.8,14.4,C,2.7,1.9,10.3,TOR,7.2,8.2,5.4,6.2,18.1,-0.7,4.9,17.3,2.7,14.8,11.7,.661,11.4,0.8
Dirk Nowitzki,5.5,.494,11.1,3.6,.409,8.9,3.2,39,1.2,11.0,108,9.1,.456,20.0,2.6,.898,2.9,77,77,1900.0,0.6,112,3.9,24.5,C,1.1,1.3,11.6,DAL,10.4,2.1,0.3,0.3,25.2,0.1,1.2,16.7,1.1,6.0,12.8,.575,20.5,1.1
Frank Ntilikina,3.8,.385,10.0,1.5,.318,4.6,7.3,19,0.5,4.1,112,5.3,.364,14.5,1.4,.721,2.0,78,9,1706.0,1.1,89,5.3,13.5,PG,1.9,3.8,5.1,NYK,20.0,0.9,-3.9,-0.5,9.1,-3.5,2.4,7.0,1.9,19.8,5.8,.437,16.9,-0.8
Jusuf Nurkic,11.4,.508,22.5,0.0,.000,0.2,3.4,23,2.6,12.4,101,11.4,.505,22.7,4.1,.630,6.5,79,79,2088.0,4.5,102,5.9,27.0,C,1.5,4.4,16.9,POR,11.7,4.3,0.3,2.8,26.9,-2.6,10.0,19.2,1.5,14.6,18.5,.528,26.4,1.2
David Nwaba,5.5,.496,11.0,0.5,.346,1.5,3.1,25,0.9,7.0,110,6.0,.478,12.5,3.9,.655,6.0,70,21,1646.0,2.6,107,4.7,16.5,SG,1.7,2.3,9.7,CHI,9.4,1.6,-1.6,0.9,16.0,-2.5,5.6,12.2,1.7,13.1,10.6,.542,15.6,0.1
Royce O'Neale,3.4,.470,7.2,1.8,.356,5.1,4.1,24,0.7,9.2,104,5.2,.423,12.4,2.7,.803,3.3,69,4,1150.0,1.1,105,4.6,15.0,SF,1.6,2.4,10.3,UTA,12.0,1.2,-0.6,1.7,20.6,-2.4,2.5,10.8,1.6,14.8,11.7,.540,14.6,0.4
Kyle O'Quinn,7.9,.599,13.1,0.1,.235,0.6,5.6,27,3.5,12.5,105,8.0,.583,13.7,3.5,.772,4.5,77,10,1387.0,4.3,118,6.9,19.7,C,1.3,3.6,16.8,NYK,16.8,6.1,4.5,4.3,27.8,0.2,9.7,20.0,1.3,18.5,18.8,.625,17.0,2.3
Semi Ojeleye,1.1,.397,2.7,1.7,.320,5.4,0.9,23,0.2,5.4,107,2.8,.346,8.2,1.1,.610,1.8,73,0,1150.0,1.6,97,4.0,8.5,PF,0.9,1.1,7.0,BOS,2.4,0.3,-3.5,0.1,11.6,-3.6,3.6,4.6,0.9,10.8,7.7,.473,9.0,-0.4
Victor Oladipo,9.4,.528,17.8,3.2,.371,8.5,6.3,25,1.1,6.7,104,12.5,.477,26.3,5.8,.799,7.2,75,75,2552.0,0.9,110,3.4,34.0,SG,3.5,4.3,7.6,IND,21.2,2.0,4.9,1.3,15.1,3.6,2.1,23.1,3.5,12.7,8.6,.577,30.1,4.5
Kelly Olynyk,5.9,.590,10.0,3.0,.379,7.9,5.8,26,1.0,9.7,105,8.9,.497,17.9,3.8,.770,4.9,76,22,1779.0,2.5,112,6.3,24.6,PF,1.7,4.1,12.2,MIA,18.7,1.7,2.9,1.3,21.6,1.6,5.6,17.8,1.7,17.1,13.6,.612,21.7,2.2
Cedi Osman,4.2,.586,7.2,2.3,.368,6.3,3.0,22,0.2,7.4,112,6.6,.484,13.6,1.9,.565,3.4,61,12,672.0,1.4,108,5.7,17.3,SF,1.6,2.3,8.7,CLE,8.7,0.4,-2.9,-1.5,16.6,-1.4,3.2,11.0,1.6,13.4,10.0,.577,15.7,-0.2
Kelly Oubre,4.3,.456,9.4,2.8,.341,8.2,2.2,22,0.8,6.8,109,7.1,.403,17.6,4.3,.820,5.2,81,11,2231.0,1.3,106,5.2,21.2,SF,1.8,2.0,8.1,WAS,6.4,1.4,-1.2,-0.4,15.4,-0.8,3.0,11.9,1.8,9.2,9.2,.534,19.4,0.4
Zaza Pachulia,7.4,.567,13.0,0.0,.000,0.0,5.4,33,0.8,11.5,105,7.4,.564,13.1,3.7,.806,4.6,69,57,972.0,4.4,117,6.0,18.5,C,1.9,3.6,15.9,GSW,15.2,1.4,0.8,1.3,25.0,-0.5,11.0,17.0,1.9,19.1,18.5,.612,17.0,0.7
Jabari Parker,8.7,.514,16.8,2.1,.383,5.4,4.0,22,0.7,7.3,111,10.7,.482,22.3,2.7,.741,3.6,31,3,743.0,2.8,106,3.4,26.2,PF,1.7,3.0,10.1,MIL,13.1,1.2,-1.8,-1.6,17.1,-0.2,6.6,17.1,1.7,11.2,11.9,.550,24.4,0.0
Tony Parker,7.9,.479,16.6,0.5,.270,1.7,9.2,35,0.0,4.2,109,8.4,.459,18.3,2.6,.705,3.7,55,21,1071.0,0.3,103,2.5,19.9,PG,1.3,3.2,4.5,SAS,28.2,0.1,-4.1,-1.7,9.2,-2.4,0.7,12.7,1.3,13.9,4.9,.498,20.5,-0.6
Chandler Parsons,4.2,.504,8.3,3.7,.421,8.9,5.0,29,0.8,5.6,113,7.9,.462,17.1,1.2,.630,2.0,36,8,691.0,1.0,110,3.9,20.8,SF,1.3,2.6,6.6,MEM,16.4,1.5,-1.2,-1.6,13.0,0.4,2.3,13.6,1.3,12.5,7.5,.578,18.3,0.1
Patrick Patterson,1.6,.421,3.7,2.6,.386,6.7,2.2,28,0.9,6.3,108,4.1,.398,10.4,1.6,.870,1.8,82,3,1270.0,1.3,114,3.4,12.4,PF,1.9,1.3,7.5,OKC,6.1,1.6,-1.3,0.3,14.6,-1.6,2.7,10.0,1.9,10.3,8.4,.555,10.8,0.2
Brandon Paul,3.5,.548,6.4,1.3,.278,4.7,3.2,26,0.6,5.4,105,4.8,.433,11.1,1.9,.512,3.8,64,2,576.0,0.5,94,5.1,12.9,SG,2.2,2.5,6.0,SAS,9.0,1.0,-2.8,0.9,12.0,-3.6,1.1,7.5,2.2,16.6,6.5,.504,13.6,-0.1
Chris Paul,5.9,.532,11.2,3.8,.380,10.1,12.2,32,0.4,7.4,105,9.8,.460,21.3,5.4,.919,5.9,58,58,1847.0,1.0,126,3.8,28.8,PG,2.6,3.4,8.3,HOU,40.9,0.6,7.1,0.9,16.7,6.2,2.3,24.4,2.6,12.5,9.5,.604,24.5,4.3
Cameron Payne,4.4,.419,10.4,2.9,.385,7.6,9.5,23,0.8,4.3,111,7.3,.405,18.0,1.0,.750,1.3,25,14,582.0,1.5,104,3.7,18.5,PG,2.2,3.0,5.8,CHI,29.9,1.4,-0.9,-0.8,9.8,-0.2,3.2,14.0,2.2,14.0,6.4,.498,19.3,0.2
Elfrid Payton,8.0,.520,15.5,0.8,.326,2.5,10.6,23,0.6,5.6,111,8.8,.493,17.9,2.9,.649,4.5,63,63,1808.0,1.7,105,4.0,21.4,PG,2.2,4.5,7.4,TOT,34.9,1.0,0.1,0.0,12.8,0.1,3.8,16.5,2.2,18.5,8.2,.538,21.9,1.0
Mason Plumlee,7.6,.602,12.6,0.0,.000,0.0,4.9,27,2.8,9.2,107,7.6,.601,12.7,2.8,.458,6.2,74,26,1439.0,4.5,112,6.3,18.1,C,1.7,3.5,13.8,DEN,14.4,4.7,1.8,2.7,20.9,-0.9,10.4,16.9,1.7,18.7,15.6,.586,16.6,1.4
Miles Plumlee,5.6,.583,9.6,0.0,0,0.0,2.4,29,1.6,8.0,111,5.6,.583,9.6,1.4,.450,3.2,55,35,918.0,4.1,102,4.2,12.6,C,0.9,3.4,12.1,ATL,7.2,2.8,-2.5,1.3,18.3,-3.8,9.4,10.6,0.9,23.4,13.9,.574,12.8,-0.1
Jakob Poeltl,8.2,.660,12.4,0.0,.500,0.1,1.8,22,3.2,7.4,104,8.2,.659,12.4,1.9,.594,3.3,82,0,1524.0,5.3,122,6.9,18.3,C,1.3,2.7,12.7,TOR,5.4,5.2,3.3,2.9,16.4,0.4,12.4,17.5,1.3,16.6,14.4,.662,14.8,2.0
Otto Porter,6.3,.537,11.7,2.8,.441,6.4,3.2,24,0.8,7.9,107,9.1,.503,18.1,2.2,.828,2.6,77,77,2432.0,2.1,120,3.1,23.2,SF,2.4,1.5,10.0,WAS,10.1,1.5,3.6,1.2,18.1,2.4,4.8,18.3,2.4,7.4,11.4,.602,18.4,3.4
Bobby Portis,9.0,.514,17.5,2.4,.359,6.6,3.7,22,0.7,10.1,110,11.3,.471,24.1,3.6,.769,4.6,73,4,1643.0,4.7,108,3.9,28.6,PF,1.5,3.1,14.8,CHI,13.2,1.3,0.3,-0.6,23.0,1.0,10.0,19.7,1.5,10.5,16.2,.548,26.0,1.0
Kristaps Porzingis,9.6,.454,21.1,2.9,.395,7.3,1.8,22,3.7,8.1,108,12.4,.439,28.4,7.0,.793,8.8,48,48,1553.0,2.0,105,4.5,34.7,PF,1.1,3.0,10.1,NYK,6.2,6.4,-0.7,-0.2,18.1,-0.5,4.4,20.4,1.1,8.4,11.3,.539,31.0,0.5
Dwight Powell,6.8,.656,10.4,0.8,.333,2.5,2.7,26,1.0,9.3,107,7.7,.593,12.9,4.0,.719,5.6,79,25,1672.0,4.1,129,5.6,20.1,C,2.0,1.8,13.3,DAL,8.5,1.7,2.7,1.6,21.3,1.1,8.7,18.8,2.0,10.3,14.7,.656,15.5,2.0
Norman Powell,4.5,.516,8.7,2.5,.285,8.6,4.1,24,0.7,4.9,107,7.0,.401,17.4,1.5,.821,1.8,70,18,1062.0,0.6,94,5.2,17.9,SG,1.7,3.1,5.5,TOR,11.8,1.2,-2.8,-0.4,10.9,-2.5,1.5,8.5,1.7,14.4,6.3,.492,18.9,-0.2
Ivan Rabb,8.4,.566,14.9,0.0,0,0.0,3.1,20,1.3,10.3,110,8.4,.566,14.9,2.8,.806,3.5,36,5,516.0,5.2,112,5.4,19.7,PF,1.2,3.4,15.5,MEM,10.4,2.4,-1.5,0.3,24.1,-1.7,11.6,16.6,1.2,17.3,17.7,.599,17.7,0.1
Julius Randle,10.8,.575,18.8,0.2,.222,1.0,4.6,23,1.0,10.3,107,11.0,.558,19.7,6.7,.718,9.3,82,49,2190.0,4.0,112,6.0,28.9,C,0.9,4.7,14.3,LAL,15.8,1.7,0.9,0.6,22.8,0.4,8.9,19.9,0.9,16.3,15.9,.606,25.3,1.6
Zach Randolph,10.4,.503,20.7,1.7,.347,4.9,4.3,36,0.3,10.1,111,12.1,.473,25.6,2.8,.785,3.6,59,57,1508.0,3.3,101,4.0,28.7,PF,1.4,3.9,13.3,SAC,14.9,0.6,-1.8,-1.2,23.7,-0.6,7.0,17.3,1.4,12.5,15.0,.529,27.6,0.1
J.J. Redick,4.8,.504,9.5,4.4,.420,10.5,4.8,33,0.1,3.8,110,9.2,.460,20.0,4.5,.904,5.0,70,70,2116.0,0.2,119,2.8,27.2,SG,0.8,2.3,4.0,PHI,15.1,0.2,0.0,-2.6,8.3,2.6,0.5,15.9,0.8,9.6,4.5,.614,21.7,1.1
Willie Reed,9.1,.672,13.5,0.1,.500,0.2,1.1,27,2.5,9.8,108,9.2,.669,13.8,3.6,.582,6.3,42,5,428.0,4.0,125,6.4,22.2,C,1.0,2.2,13.8,TOT,3.6,4.3,-0.9,-0.1,21.8,-0.8,9.1,19.2,1.0,11.6,15.5,.671,16.6,0.1
Josh Richardson,5.1,.495,10.3,2.4,.378,6.3,4.3,24,1.4,4.0,106,7.4,.451,16.5,2.2,.845,2.7,81,81,2689.0,1.3,106,3.7,19.5,SF,2.3,2.6,5.3,MIA,13.2,2.4,1.4,1.5,9.0,-0.1,2.9,13.6,2.3,12.9,6.0,.551,18.2,2.3
Austin Rivers,4.8,.461,10.5,3.2,.378,8.5,5.7,25,0.4,2.8,113,8.1,.424,19.0,2.4,.642,3.8,61,59,2057.0,0.6,105,3.6,21.7,SG,1.7,2.6,3.4,LAC,17.5,0.6,-0.9,-1.7,6.2,0.8,1.5,12.6,1.7,11.1,3.9,.526,20.6,0.6
Andre Roberson,3.8,.627,6.0,0.4,.222,1.7,2.2,26,1.7,5.3,107,4.2,.537,7.8,0.6,.316,1.8,39,39,1037.0,3.6,114,4.3,9.3,SG,2.2,1.4,8.9,OKC,6.0,3.1,1.5,2.8,12.2,-1.3,7.8,10.9,2.2,14.4,9.9,.543,8.6,0.9
Rajon Rondo,5.1,.526,9.6,1.4,.333,4.2,14.9,31,0.3,6.5,109,6.5,.468,13.8,0.7,.543,1.3,65,63,1705.0,0.9,109,3.3,15.0,PG,2.0,4.2,7.4,NOP,42.2,0.5,-1.1,-0.7,14.2,-0.4,2.0,15.3,2.0,22.7,8.4,.522,16.9,0.4
Derrick Rose,8.7,.474,18.3,0.8,.233,3.5,4.3,29,0.5,2.6,116,9.5,.435,21.8,4.7,.870,5.4,25,7,420.0,1.5,97,1.9,24.5,PG,0.8,4.1,4.1,TOT,13.6,0.8,-7.8,-3.9,5.8,-3.8,3.5,11.5,0.8,14.5,4.7,.507,25.4,-0.6
Terrence Ross,3.8,.469,8.0,2.4,.323,7.6,3.1,26,0.9,5.1,110,6.2,.398,15.6,2.2,.750,2.9,24,20,600.0,0.8,96,3.7,17.1,SG,2.2,2.4,6.0,ORL,9.3,1.5,-2.1,0.1,11.6,-2.2,1.8,9.9,2.2,12.3,6.7,.505,17.3,0.0
Terry Rozier,3.9,.410,9.6,3.7,.381,9.7,5.6,23,0.5,7.6,104,7.6,.395,19.3,2.8,.772,3.6,80,16,2068.0,1.5,109,3.0,21.7,PG,1.9,1.9,9.1,BOS,17.5,0.8,1.8,1.0,16.3,0.8,3.4,15.1,1.9,8.5,9.9,.520,20.4,2.0
Ricky Rubio,5.6,.451,12.3,2.1,.352,6.1,9.1,27,0.2,6.8,103,7.7,.418,18.4,4.9,.866,5.7,77,77,2254.0,1.0,105,4.6,22.4,PG,2.7,4.6,7.8,UTA,28.4,0.4,1.7,1.6,15.3,0.1,2.2,15.4,2.7,18.1,8.8,.537,22.9,2.1
D'Angelo Russell,7.4,.477,15.5,3.5,.324,10.9,9.8,21,0.7,6.3,111,10.9,.414,26.4,3.8,.740,5.2,48,35,1234.0,1.2,98,3.7,29.2,PG,1.4,5.8,7.4,BRK,35.7,1.0,-0.4,-1.2,13.8,0.8,2.6,15.2,1.4,16.8,8.1,.509,30.8,0.5
Domantas Sabonis,9.0,.524,17.2,0.4,.351,1.0,4.2,21,0.9,11.2,107,9.4,.514,18.3,4.6,.750,6.2,74,19,1810.0,4.6,110,6.1,23.8,C,1.1,3.8,15.8,IND,12.7,1.6,-0.2,0.5,25.2,-0.8,10.4,17.5,1.1,15.3,17.8,.567,22.1,0.8
Dario Saric,5.1,.501,10.2,3.3,.393,8.3,4.2,23,0.4,7.6,107,8.4,.453,18.5,3.7,.860,4.3,78,73,2310.0,3.2,113,3.3,23.8,PF,1.1,3.1,10.8,PHI,13.0,0.7,1.4,-0.2,16.4,1.6,7.5,15.8,1.1,13.1,12.1,.582,20.9,2.0
Tomas Satoransky,4.7,.544,8.6,1.4,.465,3.1,8.6,26,0.5,4.9,111,6.1,.523,11.6,2.3,.781,2.9,73,30,1643.0,2.2,124,4.0,15.8,SG,1.6,2.5,7.0,WAS,24.8,0.8,1.1,-0.2,11.1,1.3,5.0,15.4,1.6,16.3,8.0,.615,13.7,1.3
Dennis Schroder,10.0,.480,20.8,1.8,.290,6.2,9.8,24,0.1,3.9,113,11.8,.436,26.9,5.3,.849,6.2,67,67,2078.0,1.0,104,3.5,30.6,PG,1.7,4.3,4.9,ATL,36.2,0.2,-0.7,-2.2,8.8,1.5,2.4,17.3,1.7,12.7,5.6,.515,30.4,0.7
Mike Scott,7.4,.582,12.8,2.3,.405,5.8,2.8,29,0.4,7.0,111,9.7,.527,18.5,1.8,.658,2.7,76,1,1406.0,1.8,109,5.2,23.6,PF,0.8,2.8,8.7,WAS,9.1,0.6,-2.3,-1.8,15.8,-0.5,4.0,13.7,0.8,12.4,9.9,.599,20.0,-0.1
Thabo Sefolosha,5.4,.551,9.7,2.0,.381,5.2,2.1,33,0.7,8.2,101,7.3,.492,14.9,2.7,.815,3.4,38,6,806.0,1.8,113,3.7,19.4,SF,3.2,1.9,10.0,UTA,6.3,1.3,1.9,2.3,18.4,-0.3,4.1,15.8,3.2,10.2,11.3,.591,16.4,0.8
Wayne Selden,4.9,.456,10.7,3.6,.402,8.9,4.8,23,0.4,2.9,115,8.5,.431,19.7,3.2,.746,4.3,35,9,692.0,1.2,101,4.3,23.7,SG,1.3,3.9,4.1,MEM,16.0,0.7,-4.0,-3.3,6.8,-0.7,2.6,11.8,1.3,15.5,4.7,.551,22.6,-0.4
Pascal Siakam,6.6,.612,10.7,0.9,.220,3.9,4.7,23,1.2,8.4,105,7.4,.508,14.6,1.6,.621,2.6,81,5,1679.0,2.3,113,4.9,17.3,PF,1.8,2.0,10.7,TOR,13.5,2.0,2.1,2.2,18.6,0.0,5.4,14.5,1.8,11.1,12.1,.549,15.7,1.7
Ben Simmons,9.6,.551,17.4,0.0,.000,0.2,11.6,21,1.2,9.0,102,9.6,.545,17.6,3.4,.560,6.0,81,81,2732.0,2.6,111,3.7,22.5,PG,2.5,4.9,11.6,PHI,37.4,2.1,4.6,3.6,19.5,1.0,5.9,20.0,2.5,19.5,13.0,.557,22.3,4.6
Jonathon Simmons,6.9,.512,13.4,1.7,.338,4.9,4.1,28,0.4,4.3,113,8.5,.465,18.4,4.5,.768,5.8,69,50,2029.0,1.5,103,4.2,23.2,SG,1.4,3.5,5.8,ORL,13.3,0.6,-2.3,-1.3,9.7,-1.0,3.3,12.7,1.4,14.4,6.5,.555,22.0,-0.2
Kobi Simmons,5.4,.460,11.8,0.9,.282,3.1,5.3,20,0.4,2.8,115,6.3,.423,14.9,2.0,1.000,2.0,32,12,643.0,1.1,94,4.8,15.4,PG,1.4,3.5,3.9,MEM,16.5,0.7,-6.0,-2.1,6.6,-3.9,2.5,7.7,1.4,18.0,4.5,.490,17.0,-0.6
Marcus Smart,3.5,.429,8.2,2.3,.301,7.7,8.0,23,0.7,4.5,104,5.9,.367,15.9,3.0,.729,4.1,54,11,1614.0,1.3,97,4.1,17.0,SG,2.2,4.0,5.9,BOS,23.7,1.2,-0.5,1.1,9.8,-1.6,3.0,10.8,2.2,18.4,6.4,.479,19.4,0.6
Dennis Smith,7.3,.435,16.8,2.6,.313,8.3,8.8,20,0.4,5.1,110,9.9,.395,25.1,3.3,.694,4.7,69,69,2049.0,1.2,93,3.7,25.7,PG,1.7,4.8,6.4,DAL,29.5,0.8,-2.3,-0.7,11.8,-1.5,2.6,12.8,1.7,15.0,7.0,.473,28.9,-0.1
Ish Smith,8.6,.506,17.1,0.9,.347,2.5,8.8,29,0.5,4.8,109,9.5,.486,19.6,2.0,.698,2.8,82,35,2043.0,0.7,109,3.4,21.8,PG,1.6,2.6,5.5,DET,28.4,0.9,-1.2,-0.6,10.9,-0.6,1.4,15.4,1.6,11.2,6.1,.525,20.8,0.4
J.R. Smith,2.1,.453,4.7,3.1,.375,8.3,3.1,32,0.2,4.5,114,5.2,.403,13.0,0.9,.696,1.2,80,61,2244.0,0.6,103,3.5,14.5,SG,1.5,1.8,5.1,CLE,8.6,0.4,-1.7,-1.0,10.1,-0.6,1.5,8.5,1.5,11.6,5.9,.534,13.8,0.2
Tony Snell,1.9,.490,3.8,2.6,.403,6.5,2.4,26,0.7,3.2,114,4.5,.435,10.3,0.9,.792,1.2,75,59,2053.0,0.2,113,2.8,12.5,SG,1.1,0.9,3.4,MIL,6.5,1.2,-1.8,-1.3,7.5,-0.5,0.5,8.5,1.1,7.5,4.0,.578,10.6,0.1
Marreese Speights,3.8,.448,8.4,6.2,.369,16.9,2.9,30,1.6,8.1,111,10.0,.395,25.3,2.9,.727,4.0,52,3,675.0,1.5,101,7.7,29.2,C,0.6,2.9,9.6,ORL,9.8,2.6,-2.8,-2.9,18.4,0.2,3.4,13.7,0.6,9.7,10.8,.539,26.9,-0.1
Nik Stauskas,1.9,.370,5.0,3.7,.400,9.3,3.6,24,0.4,5.6,113,5.6,.390,14.3,1.9,.724,2.7,41,0,523.0,0.4,101,2.2,16.8,SG,0.8,2.4,5.9,TOT,11.1,0.6,-4.0,-1.8,12.3,-2.1,0.8,9.0,0.8,13.5,6.5,.543,15.9,-0.3
Lance Stephenson,6.4,.495,12.9,1.8,.289,6.3,6.3,27,0.5,9.8,108,8.2,.427,19.2,2.3,.661,3.4,82,7,1850.0,1.7,99,4.8,20.4,SG,1.2,3.5,11.5,IND,18.6,0.8,-2.1,-0.1,22.0,-2.0,3.8,12.4,1.2,14.7,12.9,.495,21.6,0.0
Jayson Tatum,6.0,.492,12.2,2.2,.434,5.0,2.6,19,1.2,7.2,103,8.1,.475,17.1,4.4,.826,5.3,80,80,2438.0,1.0,111,3.5,22.8,SF,1.7,2.3,8.2,BOS,8.3,2.0,1.0,1.5,15.6,-0.5,2.3,15.3,1.7,10.7,9.0,.586,19.5,1.8
Isaiah Taylor,6.0,.461,13.0,0.8,.250,3.3,8.6,23,0.4,3.0,114,6.8,.418,16.3,4.1,.702,5.9,67,9,1167.0,0.9,101,4.9,18.6,PG,1.4,3.5,3.9,ATL,27.0,0.7,-5.4,-2.5,6.9,-2.9,2.1,10.9,1.4,15.7,4.5,.492,20.1,-1.0
Jeff Teague,5.8,.477,12.2,1.8,.368,4.9,10.6,29,0.5,4.0,112,7.7,.446,17.2,4.4,.845,5.2,70,70,2311.0,0.5,111,3.7,21.5,PG,2.2,3.8,4.5,MIN,30.6,0.8,0.2,-1.3,9.3,1.5,1.2,16.4,2.2,16.4,5.2,.553,20.6,1.3
Garrett Temple,3.4,.442,7.8,2.8,.392,7.1,3.9,31,0.8,4.1,112,6.2,.418,14.9,1.9,.769,2.4,65,35,1615.0,0.7,102,4.2,17.1,SG,1.8,2.5,4.8,SAC,11.3,1.6,-1.9,-0.6,9.6,-1.3,1.5,10.2,1.8,13.4,5.4,.536,16.4,0.1
Milos Teodosic,2.7,.492,5.5,3.8,.379,9.9,9.0,30,0.2,4.7,114,6.5,.419,15.4,1.7,.848,2.0,45,36,1134.0,0.7,107,4.4,18.4,PG,1.0,4.2,5.4,LAC,26.2,0.4,-1.4,-2.2,10.5,0.8,1.6,11.6,1.0,20.3,6.1,.564,18.2,0.2
Jason Terry,1.2,.487,2.4,2.5,.348,7.0,3.6,40,0.8,2.6,111,3.6,.383,9.4,0.5,.889,0.6,51,4,814.0,0.3,103,3.2,10.2,SG,2.6,1.5,2.9,MIL,9.7,1.4,-2.1,-0.5,6.2,-1.6,0.7,8.1,2.6,13.7,3.5,.525,10.1,0.0
Daniel Theis,5.8,.617,9.3,1.0,.310,3.1,3.0,25,2.6,9.8,100,6.7,.541,12.4,3.3,.753,4.3,63,3,936.0,4.8,117,8.4,17.7,C,1.6,3.0,14.6,BOS,9.1,4.3,2.6,3.4,21.2,-0.8,10.7,16.1,1.6,17.2,16.0,.616,15.5,1.1
Isaiah Thomas,5.7,.438,13.1,3.1,.293,10.5,8.6,28,0.2,2.8,115,8.8,.373,23.6,6.6,.893,7.4,32,15,862.0,1.0,99,3.3,27.3,PG,0.8,5.3,3.8,TOT,27.1,0.3,-5.2,-4.3,6.3,-0.9,2.2,12.6,0.8,16.6,4.2,.508,28.8,-0.7
Lance Thomas,1.9,.364,5.2,1.8,.403,4.5,1.6,29,0.5,4.8,113,3.7,.382,9.8,1.6,.830,1.9,73,31,1353.0,1.6,103,4.9,10.9,PF,1.1,1.5,6.4,NYK,4.2,0.9,-2.6,-0.5,10.7,-2.1,3.6,6.3,1.1,12.1,7.2,.513,10.7,-0.2
Klay Thompson,6.7,.526,12.7,4.4,.440,10.0,3.6,27,0.7,4.7,111,11.1,.488,22.7,1.6,.837,1.9,73,73,2506.0,0.6,110,2.3,28.1,SG,1.1,2.5,5.3,GSW,11.2,1.1,-0.6,-2.4,10.3,1.8,1.5,16.1,1.1,9.5,6.2,.598,23.7,0.9
Tristan Thompson,6.0,.562,10.7,0.0,0,0.0,1.5,26,0.8,10.3,112,6.0,.562,10.7,2.0,.544,3.6,53,22,1072.0,5.8,120,4.7,14.0,C,0.7,1.6,16.1,CLE,4.3,1.3,-2.5,-0.9,23.3,-1.6,13.4,13.6,0.7,11.8,18.4,.569,12.6,-0.1
Sindarius Thornwell,3.2,.448,7.2,1.0,.377,2.6,2.9,23,1.1,4.5,111,4.2,.429,9.8,2.5,.670,3.7,73,17,1156.0,1.4,101,5.3,11.9,SG,2.0,2.2,5.9,LAC,7.8,1.8,-1.6,1.0,10.0,-2.6,3.2,8.2,2.0,16.3,6.7,.519,12.1,0.1
Anthony Tolliver,1.7,.561,3.0,4.5,.436,10.4,2.6,32,0.6,5.4,110,6.2,.464,13.4,3.0,.797,3.8,79,14,1757.0,1.4,126,4.1,20.0,PF,0.9,1.6,6.8,DET,7.5,1.1,1.5,-0.8,12.3,2.3,3.1,13.9,0.9,9.9,7.6,.663,14.8,1.5
Karl-Anthony Towns,8.9,.585,15.2,2.1,.421,4.9,3.4,22,2.0,13.3,107,11.0,.545,20.1,5.9,.858,6.9,82,82,2918.0,4.1,127,4.9,29.9,C,1.1,2.7,17.3,MIN,10.8,3.5,5.5,1.1,30.9,4.4,9.3,24.9,1.1,10.5,20.0,.646,22.9,5.5
P.J. Tucker,1.2,.435,2.8,2.5,.371,6.7,1.7,32,0.6,7.9,106,3.7,.390,9.5,0.9,.717,1.3,82,34,2281.0,2.0,107,4.4,10.8,PF,1.7,1.6,9.9,HOU,4.6,1.0,0.0,1.5,17.8,-1.5,4.6,8.3,1.7,13.7,11.3,.537,10.5,1.2
Evan Turner,5.3,.485,10.9,1.0,.318,3.2,4.2,29,0.7,5.2,109,6.3,.447,14.1,2.2,.850,2.6,79,40,2034.0,0.7,103,4.0,15.9,SF,1.1,2.4,6.0,POR,12.4,1.2,-1.8,0.6,11.4,-2.4,1.6,9.9,1.1,13.7,6.5,.520,15.6,0.1
Myles Turner,6.8,.519,13.1,1.5,.357,4.3,2.4,21,3.2,8.8,106,8.3,.479,17.4,4.4,.777,5.6,65,62,1836.0,2.5,110,5.1,22.5,C,1.0,2.6,11.4,IND,7.0,5.7,0.7,1.8,19.8,-1.1,5.8,16.6,1.0,11.6,12.8,.567,20.0,1.3
Ekpe Udoh,3.7,.504,7.4,0.0,.000,0.1,3.3,30,4.6,5.1,98,3.7,.500,7.4,2.6,.750,3.5,63,3,810.0,4.2,126,6.5,10.0,C,2.7,1.2,9.3,UTA,9.1,7.7,5.7,6.8,11.4,-1.1,9.6,15.2,2.7,12.1,10.5,.560,9.1,1.6
Tyler Ulis,5.0,.425,11.7,1.2,.288,4.2,9.0,22,0.2,3.0,115,6.2,.388,15.9,2.4,.832,2.9,71,43,1658.0,0.7,96,3.5,16.0,PG,2.0,3.7,3.7,PHO,28.0,0.3,-5.2,-2.4,6.8,-2.8,1.5,10.1,2.0,17.6,4.1,.465,18.5,-1.3
Jonas Valanciunas,10.3,.587,17.5,0.9,.405,2.1,2.3,25,2.0,13.6,103,11.1,.568,19.6,4.9,.806,6.0,77,77,1727.0,5.2,120,5.5,28.0,C,0.8,3.3,18.8,TOR,7.5,3.2,1.5,0.8,30.3,0.7,12.1,22.5,0.8,12.9,21.4,.628,22.7,1.5
Denzel Valentine,3.7,.450,8.2,3.3,.386,8.6,5.7,24,0.3,8.0,111,7.0,.417,16.8,0.9,.745,1.2,77,37,2095.0,1.1,104,4.3,18.2,SG,1.5,2.3,9.2,CHI,17.8,0.5,-0.5,-0.1,18.3,-0.4,2.4,12.1,1.5,11.8,10.1,.527,17.5,0.8
Fred VanVleet,4.0,.437,9.2,3.5,.414,8.5,7.9,23,0.6,5.2,106,7.5,.426,17.7,2.7,.832,3.3,76,0,1520.0,0.8,115,4.2,21.3,PG,2.2,2.4,6.0,TOR,22.8,1.0,1.9,0.1,11.5,1.9,1.9,15.9,2.2,11.2,6.8,.556,19.1,1.5
Noah Vonleh,4.7,.500,9.5,1.1,.303,3.7,1.9,22,1.0,13.6,106,5.9,.444,13.2,2.0,.621,3.3,54,16,875.0,3.9,106,3.8,14.9,PF,1.1,1.7,17.5,TOT,5.7,1.6,-3.1,0.3,30.2,-3.4,8.5,12.8,1.1,10.7,19.2,.509,14.5,-0.2
Nikola Vucevic,9.7,.527,18.5,1.9,.314,5.9,5.6,27,1.8,12.3,106,11.6,.475,24.4,2.2,.819,2.7,57,57,1683.0,2.9,105,4.2,27.3,C,1.6,3.2,15.2,ORL,19.9,3.0,2.7,2.1,27.8,0.6,6.6,19.7,1.6,11.0,17.1,.533,25.9,2.0
Dwyane Wade,8.6,.468,18.3,1.0,.288,3.6,7.3,36,1.5,6.5,109,9.6,.438,21.9,4.3,.714,6.1,67,3,1536.0,1.6,98,4.0,24.6,SG,2.0,4.5,8.1,TOT,23.5,2.6,-2.1,0.3,14.6,-2.4,3.7,15.0,2.0,15.5,9.2,.500,26.2,0.0
Dion Waiters,6.1,.463,13.1,2.8,.306,9.3,6.2,26,0.5,3.8,110,8.9,.398,22.4,2.8,.739,3.8,30,30,918.0,0.4,94,3.3,23.5,SG,1.3,3.8,4.2,MIA,19.8,0.8,-4.0,-2.0,8.5,-2.0,1.0,10.5,1.3,13.7,4.7,.487,25.0,-0.5
Kemba Walker,6.4,.469,13.6,4.1,.384,10.7,7.9,27,0.4,3.9,111,10.5,.431,24.3,6.5,.864,7.5,80,80,2736.0,0.6,115,1.7,31.5,PG,1.6,3.2,4.4,CHO,27.4,0.7,3.2,-1.9,8.7,5.1,1.2,20.6,1.6,10.4,4.9,.572,27.4,3.6
John Wall,7.7,.436,17.6,2.2,.371,5.9,13.8,27,1.6,4.5,108,9.9,.420,23.5,6.2,.726,8.5,41,41,1410.0,0.8,105,2.8,28.1,PG,2.0,5.6,5.3,WAS,44.5,2.8,1.5,0.0,10.2,1.6,1.8,19.1,2.0,17.0,6.0,.515,29.1,1.2
Tyrone Wallace,5.7,.483,11.8,0.6,.250,2.3,4.1,23,0.7,4.8,112,6.3,.445,14.1,3.5,.782,4.5,30,19,851.0,1.2,102,4.7,16.6,PG,1.5,2.6,6.0,LAC,11.8,1.3,-2.0,0.2,10.7,-2.1,2.7,10.1,1.5,14.1,6.8,.517,16.6,0.0
Taurean Waller-Prince,4.7,.461,10.3,3.5,.385,9.1,4.2,23,0.8,6.7,111,8.2,.426,19.3,3.0,.844,3.6,82,82,2464.0,1.0,100,3.3,23.0,SF,1.7,3.8,7.7,ATL,13.9,1.5,-0.7,0.0,15.3,-0.7,2.3,12.8,1.7,15.3,8.8,.549,22.1,0.8
T.J. Warren,11.4,.523,21.7,0.4,.222,2.0,1.9,24,0.9,4.6,114,11.8,.498,23.8,4.3,.757,5.7,65,65,2142.0,2.8,109,3.3,28.4,SF,1.5,1.9,7.4,PHO,7.2,1.5,-1.9,-1.7,10.5,-0.1,6.1,17.6,1.5,6.7,8.3,.541,24.9,0.1
David West,10.3,.576,17.8,0.1,.375,0.4,6.7,37,3.6,8.4,103,10.4,.571,18.2,2.9,.759,3.8,73,0,999.0,3.1,113,5.8,23.9,C,2.3,3.9,11.5,GSW,20.5,5.9,3.0,3.2,18.2,-0.2,7.7,20.9,2.3,16.2,13.3,.600,21.7,1.3
Russell Westbrook,11.2,.485,23.2,1.7,.298,5.6,14.0,29,0.3,11.1,104,12.9,.449,28.7,7.1,.737,9.6,80,80,2914.0,2.6,109,3.4,34.5,PG,2.5,6.5,13.7,OKC,49.8,0.6,8.2,3.1,25.7,5.1,5.6,24.7,2.5,16.4,15.3,.524,34.1,7.5
Hassan Whiteside,11.4,.538,21.2,0.1,1.000,0.1,2.0,28,3.5,16.3,99,11.5,.540,21.3,4.7,.703,6.7,54,54,1364.0,6.4,111,4.8,27.8,C,1.4,3.4,22.7,MIA,6.9,5.9,0.2,2.3,36.6,-2.1,14.3,24.1,1.4,12.3,25.4,.573,24.7,0.8
Andrew Wiggins,7.7,.475,16.1,1.9,.331,5.7,2.7,22,0.9,4.6,113,9.6,.438,21.8,3.4,.643,5.3,82,82,2979.0,1.4,101,2.7,24.4,SF,1.5,2.3,6.0,MIN,8.2,1.5,-2.5,-1.4,10.8,-1.1,3.1,13.0,1.5,8.8,6.9,.505,23.4,-0.4
C.J. Williams,4.5,.546,8.2,1.5,.282,5.4,3.0,27,0.9,3.0,111,6.0,.442,13.5,0.9,.813,1.1,38,17,707.0,0.8,105,4.3,14.4,SG,2.1,1.4,3.9,LAC,8.5,1.5,-1.4,-0.1,6.7,-1.3,1.9,9.5,2.1,8.9,4.4,.512,13.7,0.1
Lou Williams,7.4,.484,15.4,3.5,.359,9.7,7.8,31,0.4,3.0,113,10.9,.435,25.1,8.1,.880,9.2,79,19,2589.0,0.8,112,2.0,33.5,SG,1.6,4.4,3.7,LAC,26.3,0.6,1.0,-2.9,6.6,3.8,1.7,20.2,1.6,13.1,4.2,.574,29.8,2.0
Marvin Williams,3.2,.512,6.3,3.1,.413,7.4,2.3,31,0.9,7.2,109,6.3,.458,13.7,2.5,.829,3.0,78,78,2006.0,1.8,118,2.8,18.1,PF,1.4,1.6,9.0,CHO,7.0,1.6,1.7,0.5,16.2,1.1,3.9,13.9,1.4,9.7,10.0,.603,14.8,1.9
Justise Winslow,4.7,.440,10.7,1.5,.380,3.9,4.4,21,1.0,9.1,105,6.2,.424,14.6,2.0,.635,3.1,68,25,1680.0,1.9,101,4.2,15.8,PF,1.6,2.3,11.1,MIA,13.0,1.7,-1.0,1.7,20.4,-2.7,4.3,11.5,1.6,12.6,12.3,.496,16.3,0.4
Delon Wright,5.0,.520,9.6,1.9,.366,5.3,6.9,25,1.1,5.3,105,6.9,.465,14.9,3.3,.829,4.0,69,4,1433.0,1.5,116,2.8,19.1,PG,2.5,2.7,6.8,TOR,19.6,1.8,2.8,1.6,11.7,1.2,3.6,16.5,2.5,13.9,7.7,.574,17.2,1.7
Joe Young,4.9,.458,10.7,2.2,.379,5.9,3.5,25,0.1,4.6,112,7.2,.430,16.7,2.0,.759,2.6,53,1,558.0,1.1,102,3.5,18.5,PG,1.3,2.3,5.6,IND,9.9,0.2,-4.7,-2.3,10.3,-2.4,2.4,10.1,1.3,11.6,6.4,.521,18.0,-0.4
Nick Young,2.7,.481,5.6,4.3,.377,11.3,1.2,32,0.2,3.6,112,7.0,.412,16.9,1.9,.862,2.2,80,8,1393.0,0.7,106,3.5,20.1,SG,1.3,1.3,4.3,GSW,3.5,0.4,-3.7,-3.4,7.9,-0.2,1.7,10.0,1.3,7.2,5.0,.562,17.6,-0.6
Thaddeus Young,7.0,.531,13.1,1.1,.320,3.5,2.9,29,0.7,6.3,107,8.1,.487,16.6,1.1,.598,1.8,81,81,2607.0,3.5,108,3.4,18.3,PF,2.6,2.0,9.8,IND,8.5,1.2,1.5,1.4,14.1,0.1,8.0,14.8,2.6,10.4,11.1,.528,17.3,2.3
Cody Zeller,6.5,.542,11.9,0.2,.667,0.2,2.4,25,1.6,8.6,108,6.6,.545,12.1,4.7,.718,6.6,33,0,627.0,5.2,119,6.3,18.1,C,1.1,2.6,13.8,CHO,7.4,2.8,0.7,1.3,19.3,-0.6,11.4,15.9,1.1,14.6,15.3,.602,15.7,0.4
Tyler Zeller,7.8,.578,13.5,0.4,.357,1.2,2.1,28,1.5,8.6,111,8.3,.560,14.8,2.5,.722,3.5,66,34,1109.0,4.9,118,5.6,19.5,C,0.7,2.1,13.5,TOT,6.7,2.5,-1.6,-0.5,19.4,-1.1,11.0,16.0,0.7,11.3,15.2,.598,16.4,0.1
Paul Zipser,2.6,.355,7.3,2.2,.336,6.5,2.7,23,0.9,7.0,112,4.8,.346,13.9,1.1,.760,1.5,54,12,824.0,0.8,84,5.1,12.9,SF,1.2,2.5,7.8,CHI,8.0,1.6,-5.9,-0.3,16.0,-5.5,1.6,5.2,1.2,14.9,8.5,.445,15.2,-0.8
Ivica Zubac,7.1,.504,14.1,0.0,.000,0.1,2.9,20,1.8,9.1,107,7.1,.500,14.2,4.6,.765,6.0,43,0,410.0,5.3,111,5.5,18.8,C,0.9,3.0,14.4,LAL,8.8,3.0,-2.2,0.5,20.1,-2.7,11.8,15.3,0.9,15.3,16.0,.557,17.6,0.0
